Date,Open,High,Low,Close,Volume
2026-03-12T20:55:00.000Z,406.1635,406.2,405.89,405.9001,0
2026-03-12T21:00:00.000Z,405.98,406.15,405.5001,405.8,0
2026-03-12T21:05:00.000Z,406,406,405.68,405.68,0
2026-03-12T21:10:00.000Z,405.772,405.772,405.35,405.66,0
2026-03-12T21:15:00.000Z,405.66,405.7,405.5,405.6,0
2026-03-12T21:20:00.000Z,405.695,405.7,405.35,405.54,0
2026-03-12T21:25:00.000Z,405.54,405.8,405.52,405.52,0
2026-03-12T21:30:00.000Z,405.53,405.54,405.275,405.47,0
2026-03-12T21:35:00.000Z,405.45,405.54,405,405.4499,0
2026-03-12T21:40:00.000Z,405.12,405.36,405,405.326,0
2026-03-12T21:45:00.000Z,405.28,405.32,405,405.04,0
2026-03-12T21:50:00.000Z,405.04,405.25,404.71,404.8,0
2026-03-12T21:55:00.000Z,404.85,405,404.76,404.76,0
2026-03-12T22:00:00.000Z,404.9,405.45,404.77,404.89,0
2026-03-12T22:05:00.000Z,405,405.55,404.9,405.4988,0
2026-03-12T22:10:00.000Z,405.1824,405.35,405.1,405.1,0
2026-03-12T22:15:00.000Z,405.025,405.3,404.76,404.85,0
2026-03-12T22:20:00.000Z,404.71,405,404.63,404.8,0
2026-03-12T22:25:00.000Z,404.839,405.58,404.839,405.46,0
2026-03-12T22:30:00.000Z,405.4,405.86,405.36,405.58,0
2026-03-12T22:35:00.000Z,405.58,405.86,405.58,405.6338,0
2026-03-12T22:40:00.000Z,405.749,405.87,405.6,405.72,0
2026-03-12T22:45:00.000Z,405.71,405.8,405.1345,405.2,0
2026-03-12T22:50:00.000Z,405.4,405.8,405.1,405.6599,0
2026-03-12T22:55:00.000Z,405.6,405.8,405.5,405.5624,0
2026-03-12T23:00:00.000Z,405.58,405.86,405.35,405.35,0
2026-03-12T23:05:00.000Z,405.7,405.9,405.35,405.87,0
2026-03-12T23:10:00.000Z,405.86,405.89,405.35,405.35,0
2026-03-12T23:15:00.000Z,405.23,405.7399,405.11,405.27,0
2026-03-12T23:20:00.000Z,405.1,405.5,405.1,405.3,0
2026-03-12T23:25:00.000Z,405.35,405.54,405,405.0195,0
2026-03-12T23:30:00.000Z,405.12,405.3285,404.65,405.1673,0
2026-03-12T23:35:00.000Z,405.33,405.33,405.13,405.13,0
2026-03-12T23:40:00.000Z,405.1,405.33,404.97,405.06,0
2026-03-12T23:45:00.000Z,405.15,405.15,404.6,404.9,0
2026-03-12T23:50:00.000Z,404.868,404.868,403.53,403.8,0
2026-03-12T23:55:00.000Z,403.99,404.5,403.55,404.174,0
2026-03-13T08:00:00.000Z,401.44,402,400.02,400.4,0
2026-03-13T08:05:00.000Z,400.6,401.05,400.01,400.01,0
2026-03-13T08:10:00.000Z,400.01,400.01,399.06,399.66,0
2026-03-13T08:15:00.000Z,399.72,400.67,399.72,400.65,0
2026-03-13T08:20:00.000Z,400.55,400.55,399.65,399.65,0
2026-03-13T08:25:00.000Z,399.65,400,399.28,399.28,0
2026-03-13T08:30:00.000Z,399.25,400.85,399.25,400.85,0
2026-03-13T08:35:00.000Z,400.96,401.95,400.96,401.5,0
2026-03-13T08:40:00.000Z,401.53,401.9,401.4,401.85,0
2026-03-13T08:45:00.000Z,401.85,402.87,401.44,402.87,0
2026-03-13T08:50:00.000Z,402.87,404,402.87,403.51,0
2026-03-13T08:55:00.000Z,403.51,403.9,403,403,0
2026-03-13T09:00:00.000Z,403.5,405.99,403.5,404.93,0
2026-03-13T09:05:00.000Z,405,405.13,404.3,404.85,0
2026-03-13T09:10:00.000Z,404.43,405.2,404.43,404.76,0
2026-03-13T09:15:00.000Z,404.65,404.7,404.18,404.59,0
2026-03-13T09:20:00.000Z,404.86,404.96,404.64,404.64,0
2026-03-13T09:25:00.000Z,404.64,405.01,404.52,405.01,0
2026-03-13T09:30:00.000Z,404.8,404.8,404.29,404.57,0
2026-03-13T09:35:00.000Z,404.51,404.53,404.15,404.19,0
2026-03-13T09:40:00.000Z,404.19,404.4,404,404.4,0
2026-03-13T09:45:00.000Z,404.24,404.79,404.19,404.79,0
2026-03-13T09:50:00.000Z,404.79,405.23,404.68,404.85,0
2026-03-13T09:55:00.000Z,404.85,405.46,404.85,405.31,0
2026-03-13T10:00:00.000Z,405.13,406.44,405.13,406.13,0
2026-03-13T10:05:00.000Z,406.13,406.5,406.13,406.48,0
2026-03-13T10:10:00.000Z,406.43,407.37,406.43,407.36,0
2026-03-13T10:15:00.000Z,407.41,407.42,406.8,407.26,0
2026-03-13T10:20:00.000Z,407.44,407.76,407.2,407.4,0
2026-03-13T10:25:00.000Z,407.28,407.5,406.65,406.84,0
2026-03-13T10:30:00.000Z,406.61,407.18,406.46,407.08,0
2026-03-13T10:35:00.000Z,407.12,407.12,406.6,406.98,0
2026-03-13T10:40:00.000Z,406.92,407.71,406.92,407.55,0
2026-03-13T10:45:00.000Z,407.6,408.34,407.45,408.24,0
2026-03-13T10:50:00.000Z,408.24,408.42,408,408.03,0
2026-03-13T10:55:00.000Z,408.04,408.61,408.03,408.36,0
2026-03-13T11:00:00.000Z,408.2,409.79,407.98,409.75,0
2026-03-13T11:05:00.000Z,409.78,410.02,408.83,409.55,0
2026-03-13T11:10:00.000Z,409.7,409.7,408.51,408.88,0
2026-03-13T11:15:00.000Z,408.88,409.8,408.81,409.7,0
2026-03-13T11:20:00.000Z,409.7,409.8,409,409.38,0
2026-03-13T11:25:00.000Z,409.31,410.43,409.31,409.98,0
2026-03-13T11:30:00.000Z,409.96,410.79,409.73,410.32,0
2026-03-13T11:35:00.000Z,410.35,410.88,410.19,410.7,0
2026-03-13T11:40:00.000Z,410.7,410.88,410.17,410.88,0
2026-03-13T11:45:00.000Z,410.88,411.28,410,411.23,0
2026-03-13T11:50:00.000Z,411.23,412,410.84,411.53,0
2026-03-13T11:55:00.000Z,411.79,412.2,411.4,411.78,0
2026-03-13T12:00:00.000Z,403,412.2599,399,410.7442,0
2026-03-13T12:05:00.000Z,410.6408,411.18,399.37,411.05,0
2026-03-13T12:10:00.000Z,411.0145,411.29,410.2,410.83,0
2026-03-13T12:15:00.000Z,410.8,411,410.35,411,0
2026-03-13T12:20:00.000Z,410.9428,411.1,410.4,410.8,0
2026-03-13T12:25:00.000Z,410.95,411.85,410.5224,411,0
2026-03-13T12:30:00.000Z,411.6,412.55,410.9692,412.0494,0
2026-03-13T12:35:00.000Z,411.86,412.05,410.89,411.7,0
2026-03-13T12:40:00.000Z,411.8,412.6,411.52,412.25,0
2026-03-13T12:45:00.000Z,412.28,413.15,412,412.68,0
2026-03-13T12:50:00.000Z,412.68,413.15,412.4,412.8582,0
2026-03-13T12:55:00.000Z,412.78,413.15,412.6,413.15,0
2026-03-13T13:00:00.000Z,413.15,413.35,412.2,412.61,0
2026-03-13T13:05:00.000Z,412.79,413.13,412.29,412.76,0
2026-03-13T13:10:00.000Z,412.3859,412.76,412.29,412.59,0
2026-03-13T13:15:00.000Z,412.7599,413.35,412.29,413.2331,0
2026-03-13T13:20:00.000Z,413.2,413.35,412.63,413.1651,0
2026-03-13T13:25:00.000Z,413.35,414.4,413.05,413.58,0
2026-03-13T13:30:00.000Z,413.75,419.79998779296875,413,418.89990234375,3671038
2026-03-13T13:35:00.000Z,418.7049865722656,420.8799133300781,416.0299987792969,418.75,1685101
2026-03-13T13:40:00.000Z,418.6401062011719,423.95001220703125,418.5400085449219,423.19500732421875,1365638
2026-03-13T13:45:00.000Z,423.14569091796875,424.6499938964844,422.5299987792969,423.6600036621094,1089013
2026-03-13T13:50:00.000Z,423.75,426.260009765625,422.8900146484375,425.20001220703125,1114571
2026-03-13T13:55:00.000Z,425.1842041015625,427.8999938964844,425,427.0400085449219,1048687
2026-03-13T14:00:00.000Z,427.06500244140625,429.3500061035156,427,427.8900146484375,1037301
2026-03-13T14:05:00.000Z,427.8900146484375,428.6099853515625,425.6600036621094,426.43499755859375,979730
2026-03-13T14:10:00.000Z,426.4100036621094,426.5799865722656,425.4549865722656,425.6300048828125,620626
2026-03-13T14:15:00.000Z,425.6099853515625,426.4200134277344,424.3800048828125,426.25,862998
2026-03-13T14:20:00.000Z,426.25,427.31988525390625,424.6099853515625,425.4200134277344,641085
2026-03-13T14:25:00.000Z,425.4700012207031,425.5150146484375,423.2001037597656,423.7799987792969,720409
2026-03-13T14:30:00.000Z,423.7699890136719,425.4200134277344,423.3901062011719,425.239990234375,616121
2026-03-13T14:35:00.000Z,425.17999267578125,425.64990234375,423.610107421875,424.864990234375,389573
2026-03-13T14:40:00.000Z,424.8999938964844,425,421.29998779296875,421.6080017089844,596931
2026-03-13T14:45:00.000Z,421.5150146484375,422.2200012207031,420.6099853515625,421.851806640625,592492
2026-03-13T14:50:00.000Z,421.79998779296875,423.05999755859375,420.7301025390625,421.0350036621094,520572
2026-03-13T14:55:00.000Z,421,421.2099914550781,416,418.010009765625,1120833
2026-03-13T15:00:00.000Z,418.0899963378906,418.70001220703125,416.6400146484375,418.5199890136719,456585
2026-03-13T15:05:00.000Z,418.5950012207031,422.7900085449219,418.5400085449219,421.9999084472656,676033
2026-03-13T15:10:00.000Z,421.8800048828125,422.80499267578125,420.4700012207031,422.42999267578125,415663
2026-03-13T15:15:00.000Z,422.3800048828125,422.57000732421875,420.1900939941406,420.239990234375,307906
2026-03-13T15:20:00.000Z,420.3500061035156,423.1000061035156,420.010009765625,421.5249938964844,333604
2026-03-13T15:25:00.000Z,421.5350036621094,422.9175109863281,421.29998779296875,422.5899963378906,244477
2026-03-13T15:30:00.000Z,422.4750061035156,422.8699035644531,421.6105041503906,422.4549865722656,263870
2026-03-13T15:35:00.000Z,422.4649963378906,422.57000732421875,420,421.2650146484375,323581
2026-03-13T15:40:00.000Z,421.3550109863281,421.7099914550781,417.6405944824219,418.44000244140625,379387
2026-03-13T15:45:00.000Z,418.4800109863281,421.5799865722656,418.4750061035156,420.4898986816406,359290
2026-03-13T15:50:00.000Z,420.6099853515625,420.9700012207031,419.1300964355469,420.0249938964844,214340
2026-03-13T15:55:00.000Z,419.8800048828125,420.5,419.3999938964844,420.17999267578125,182407
2026-03-13T16:00:00.000Z,420.3230895996094,421.4200134277344,419.8689880371094,420.2349853515625,239607
2026-03-13T16:05:00.000Z,420.0000915527344,421,419.3900146484375,420.4999084472656,221748
2026-03-13T16:10:00.000Z,420.3200988769531,421.9399108886719,419.2401123046875,420.3399963378906,302176
2026-03-13T16:15:00.000Z,420.3399963378906,421.1000061035156,419.5,420.9700012207031,203225
2026-03-13T16:20:00.000Z,420.9750061035156,423.4999084472656,420.6700134277344,422.489990234375,414341
2026-03-13T16:25:00.000Z,422.489990234375,422.67999267578125,421.30999755859375,421.60009765625,217825
2026-03-13T16:30:00.000Z,421.6000061035156,422.32000732421875,420.2699890136719,420.8799133300781,281570
2026-03-13T16:35:00.000Z,420.760009765625,423.19000244140625,420.6099853515625,423.0299987792969,298285
2026-03-13T16:40:00.000Z,423.12890625,425.8500061035156,422.7900085449219,424.8800048828125,711095
2026-03-13T16:45:00.000Z,424.8352966308594,425.2799987792969,422.75,422.8793029785156,446675
2026-03-13T16:50:00.000Z,422.9700012207031,424.08990478515625,422.79998779296875,423.739990234375,265941
2026-03-13T16:55:00.000Z,423.7900085449219,424.2998962402344,421,421.1099853515625,293960
2026-03-13T17:00:00.000Z,421.2250061035156,421.7699890136719,420.6900939941406,421.20001220703125,254409
2026-03-13T17:05:00.000Z,421.18499755859375,421.32000732421875,420.06500244140625,421.1000061035156,282718
2026-03-13T17:10:00.000Z,421.12200927734375,422.2900085449219,420.027587890625,421.9909973144531,232998
2026-03-13T17:15:00.000Z,422,423.010009765625,421.1523132324219,422.2200012207031,228952
2026-03-13T17:20:00.000Z,422.2074890136719,422.9898986816406,421.2099914550781,422.5799865722656,163186
2026-03-13T17:25:00.000Z,422.4750061035156,423.1099853515625,421.6300048828125,422.70001220703125,171601
2026-03-13T17:30:00.000Z,422.6300048828125,422.9186096191406,421.8699951171875,422.19000244140625,170422
2026-03-13T17:35:00.000Z,422.29998779296875,422.3500061035156,421.5,422.1575927734375,144963
2026-03-13T17:40:00.000Z,422.05999755859375,422.2300109863281,421,421.4549865722656,165076
2026-03-13T17:45:00.000Z,421.3599853515625,421.79998779296875,420.0199890136719,420.1499938964844,230122
2026-03-13T17:50:00.000Z,420.1400146484375,421.6700134277344,419.5,420.94000244140625,282174
2026-03-13T17:55:00.000Z,420.80999755859375,421.82000732421875,420.3299865722656,421.6830139160156,206948
2026-03-13T18:00:00.000Z,421.70001220703125,422.67999267578125,421.25,422.42510986328125,192568
2026-03-13T18:05:00.000Z,422.44000244140625,422.92999267578125,421.2099914550781,421.6000061035156,305554
2026-03-13T18:10:00.000Z,421.6000061035156,422.1600036621094,421.32000732421875,421.79541015625,156473
2026-03-13T18:15:00.000Z,421.93499755859375,422.9200134277344,421.79998779296875,422.0799865722656,199173
2026-03-13T18:20:00.000Z,422.114990234375,422.2099914550781,420.79998779296875,421.3699951171875,206771
2026-03-13T18:25:00.000Z,421.30999755859375,422.79998779296875,420.80010986328125,422.6000061035156,212678
2026-03-13T18:30:00.000Z,422.6199951171875,423.7499084472656,422.2200012207031,423.67999267578125,283664
2026-03-13T18:35:00.000Z,423.70001220703125,423.9200134277344,423.0299987792969,423.5400085449219,221725
2026-03-13T18:40:00.000Z,423.6499938964844,425.42999267578125,423.4800109863281,425.364990234375,396547
2026-03-13T18:45:00.000Z,425.364990234375,426.20001220703125,424.92999267578125,425.6600036621094,414265
2026-03-13T18:50:00.000Z,425.6499938964844,426.20001220703125,424.94000244140625,425.8399963378906,293255
2026-03-13T18:55:00.000Z,425.8999938964844,425.8999938964844,424.8999938964844,425.4999084472656,198549
2026-03-13T19:00:00.000Z,425.4049987792969,425.5849914550781,423.1300048828125,423.1300048828125,300156
2026-03-13T19:05:00.000Z,423.18499755859375,424.3493957519531,422.8927001953125,424.2300109863281,288577
2026-03-13T19:10:00.000Z,424.2300109863281,424.2998962402344,422.70001220703125,422.75,256267
2026-03-13T19:15:00.000Z,422.79998779296875,424.36419677734375,422.760009765625,423.4700012207031,230988
2026-03-13T19:20:00.000Z,423.3800048828125,423.6600036621094,422.0638122558594,423.4649963378906,252711
2026-03-13T19:25:00.000Z,423.3800048828125,424.2300109863281,423,423.30999755859375,329972
2026-03-13T19:30:00.000Z,423.31500244140625,424.57000732421875,422.80999755859375,423.9226989746094,261147
2026-03-13T19:35:00.000Z,423.8299865722656,424.20001220703125,423.3800048828125,423.80999755859375,194860
2026-03-13T19:40:00.000Z,423.79998779296875,424.9599914550781,423.5690002441406,424.56988525390625,395713
2026-03-13T19:45:00.000Z,424.44000244140625,425.4800109863281,423.9700927734375,425.101806640625,487495
2026-03-13T19:50:00.000Z,425.1000061035156,425.389892578125,423.9200134277344,425.375,529760
2026-03-13T19:55:00.000Z,425.3299865722656,426.2300109863281,425.1199951171875,426.1300048828125,1283915
2026-03-13T20:00:00.000Z,426.13,426.4,425.25,425.3,0
2026-03-13T20:05:00.000Z,425.3,426.25,425.08,425.15,0
2026-03-13T20:10:00.000Z,425.12,426.13,424.84,424.89,0
2026-03-13T20:15:00.000Z,424.9,426.13,424.84,424.9001,0
2026-03-13T20:20:00.000Z,424.99,425.29,424.9,425.11,0
2026-03-13T20:25:00.000Z,425.12,425.3662,421.78,425.3662,0
2026-03-13T20:30:00.000Z,425.35,425.5,425.23,425.31,0
2026-03-13T20:35:00.000Z,425.3,425.5,425.3,425.49,0
2026-03-13T20:40:00.000Z,425.49,426,425.36,425.71,0
2026-03-13T20:45:00.000Z,425.55,425.99,425.4701,425.6,0
2026-03-13T20:50:00.000Z,425.6008,425.89,425.1,425.2,0
2026-03-13T20:55:00.000Z,425.1,425.1949,424.88,424.8999,0
2026-03-13T21:00:00.000Z,424.93,425.23,424.85,424.91,0
2026-03-13T21:05:00.000Z,424.9003,425,424.81,424.8228,0
2026-03-13T21:10:00.000Z,424.83,425.15,424.8101,424.9864,0
2026-03-13T21:15:00.000Z,425.11,425.36,424.85,424.86,0
2026-03-13T21:20:00.000Z,424.87,424.9,424.12,424.38,0
2026-03-13T21:25:00.000Z,424.41,425.1,424.3,424.61,0
2026-03-13T21:30:00.000Z,424.61,424.73,424.3662,424.6292,0
2026-03-13T21:35:00.000Z,424.7,424.99,424.4,424.5601,0
2026-03-13T21:40:00.000Z,424.6,424.98,424.6,424.78,0
2026-03-13T21:45:00.000Z,424.78,424.9,424.78,424.78,0
2026-03-13T21:50:00.000Z,424.7997,424.7997,424.56,424.66,0
2026-03-13T21:55:00.000Z,424.66,425,424.66,425,0
2026-03-13T22:00:00.000Z,425,425.25,424.94,425.2,0
2026-03-13T22:05:00.000Z,425.2,425.5,425.02,425.31,0
2026-03-13T22:10:00.000Z,425.3,425.4,425.15,425.29,0
2026-03-13T22:15:00.000Z,425.28,425.35,425.0434,425.11,0
2026-03-13T22:20:00.000Z,425.15,425.28,425,425,0
2026-03-13T22:25:00.000Z,425.0001,425.13,424.96,424.96,0
2026-03-13T22:30:00.000Z,424.9672,425.28,424.95,425.28,0
2026-03-13T22:35:00.000Z,425.28,425.28,425,425.0501,0
2026-03-13T22:40:00.000Z,425.09,425.2,425,425.16,0
2026-03-13T22:45:00.000Z,425.14,425.24,425.006,425.1,0
2026-03-13T22:50:00.000Z,425.11,425.2388,425.1,425.2218,0
2026-03-13T22:55:00.000Z,425.2,425.25,425.1,425.25,0
2026-03-13T23:00:00.000Z,425.1135,425.24,425,425.02,0
2026-03-13T23:05:00.000Z,425.08,425.3283,425.08,425.3283,0
2026-03-13T23:10:00.000Z,425.25,425.34,425.1,425.2,0
2026-03-13T23:15:00.000Z,425.18,425.25,425,425.0018,0
2026-03-13T23:20:00.000Z,425.1688,425.1927,425,425.0783,0
2026-03-13T23:25:00.000Z,425.01,425.06,424.94,424.94,0
2026-03-13T23:30:00.000Z,424.9922,425,424.94,424.9922,0
2026-03-13T23:35:00.000Z,424.98,425,424.94,424.95,0
2026-03-13T23:40:00.000Z,424.95,425.2488,424.94,425.17,0
2026-03-13T23:45:00.000Z,425.1,425.21,424.94,425,0
2026-03-13T23:50:00.000Z,425,425.01,424.94,424.95,0
2026-03-13T23:55:00.000Z,424.95,425.01,424.94,425,0
2026-03-16T08:00:00.000Z,440.23,441.38,437.58,441.1,0
2026-03-16T08:05:00.000Z,441.12,442.3,440.83,442.3,0
2026-03-16T08:10:00.000Z,442.35,442.92,441.5,441.5,0
2026-03-16T08:15:00.000Z,441.69,441.89,441.15,441.15,0
2026-03-16T08:20:00.000Z,441.28,441.89,440.46,441.54,0
2026-03-16T08:25:00.000Z,441.5,443.2,441.5,442.81,0
2026-03-16T08:30:00.000Z,442.77,443.8,442.5,443.01,0
2026-03-16T08:35:00.000Z,443.4,443.4,442.44,442.73,0
2026-03-16T08:40:00.000Z,442.86,443.63,442.41,443.27,0
2026-03-16T08:45:00.000Z,443.27,443.7,443,443,0
2026-03-16T08:50:00.000Z,442.56,444.27,442.51,443.76,0
2026-03-16T08:55:00.000Z,443.77,444.5,443.77,444,0
2026-03-16T09:00:00.000Z,444.2,444.64,443.99,444.34,0
2026-03-16T09:05:00.000Z,444.22,444.22,443.45,443.89,0
2026-03-16T09:10:00.000Z,443.99,444.38,443.3,444.3,0
2026-03-16T09:15:00.000Z,444.3,444.64,444.11,444.15,0
2026-03-16T09:20:00.000Z,444.15,444.6,443.98,444.17,0
2026-03-16T09:25:00.000Z,444.11,444.65,443.88,443.88,0
2026-03-16T09:30:00.000Z,443.88,443.97,443.1,443.21,0
2026-03-16T09:35:00.000Z,443.16,443.96,442.31,443,0
2026-03-16T09:40:00.000Z,443,443.49,442.6,442.74,0
2026-03-16T09:45:00.000Z,442.55,443.76,442.53,443.41,0
2026-03-16T09:50:00.000Z,443.43,443.53,443,443.07,0
2026-03-16T09:55:00.000Z,443.3,443.4,442.65,443,0
2026-03-16T10:00:00.000Z,442.85,443.4,442.69,443.4,0
2026-03-16T10:05:00.000Z,443.37,443.4,442.37,442.58,0
2026-03-16T10:10:00.000Z,442.78,443.05,442.78,442.93,0
2026-03-16T10:15:00.000Z,443.2,443.65,443.14,443.47,0
2026-03-16T10:20:00.000Z,443.6,444.96,443.55,444.4,0
2026-03-16T10:25:00.000Z,444.49,444.95,444.2,444.48,0
2026-03-16T10:30:00.000Z,444.41,444.93,444,444.85,0
2026-03-16T10:35:00.000Z,444.59,444.95,444.37,444.57,0
2026-03-16T10:40:00.000Z,444.7,444.96,444.35,444.4,0
2026-03-16T10:45:00.000Z,444.36,444.96,444.25,444.77,0
2026-03-16T10:50:00.000Z,444.83,444.86,444.31,444.85,0
2026-03-16T10:55:00.000Z,444.73,445.48,444.57,444.61,0
2026-03-16T11:00:00.000Z,444.55,445.06,443.26,444.02,0
2026-03-16T11:05:00.000Z,444.22,444.6,443.9,444.41,0
2026-03-16T11:10:00.000Z,444.3,445.1,444.24,445.05,0
2026-03-16T11:15:00.000Z,445.03,446.3,445.03,446.3,0
2026-03-16T11:20:00.000Z,446.31,446.73,445.5,445.8,0
2026-03-16T11:25:00.000Z,446,446.17,445.5,445.56,0
2026-03-16T11:30:00.000Z,445.61,446.5,445.5,446.28,0
2026-03-16T11:35:00.000Z,446.23,446.49,445.36,445.5,0
2026-03-16T11:40:00.000Z,445.74,446.18,445.2,445.5,0
2026-03-16T11:45:00.000Z,445.43,445.72,445,445.02,0
2026-03-16T11:50:00.000Z,445.03,445.03,444.1,444.5,0
2026-03-16T11:55:00.000Z,444.49,445,444.27,445,0
2026-03-16T12:00:00.000Z,442.94,446.89,427.195,444.1836,0
2026-03-16T12:05:00.000Z,444,445.45,435.71,445.2896,0
2026-03-16T12:10:00.000Z,445.17,445.29,444.77,445,0
2026-03-16T12:15:00.000Z,444.99,444.99,443.74,444.84,0
2026-03-16T12:20:00.000Z,444.72,444.99,442.84,443.3444,0
2026-03-16T12:25:00.000Z,443,443.49,442.5,442.7,0
2026-03-16T12:30:00.000Z,442.6555,443.49,442.5,443,0
2026-03-16T12:35:00.000Z,443,443.1,442.2,442.53,0
2026-03-16T12:40:00.000Z,442.6,443.35,442.21,442.7,0
2026-03-16T12:45:00.000Z,442.67,443.88,442.65,443.01,0
2026-03-16T12:50:00.000Z,443.0239,443.84,443,443.65,0
2026-03-16T12:55:00.000Z,443.7,444.47,443.25,444.33,0
2026-03-16T13:00:00.000Z,444.23,445.1749,444.12,444.8,0
2026-03-16T13:05:00.000Z,444.84,445,444,444.252,0
2026-03-16T13:10:00.000Z,444.5,444.5,443.5,444.3,0
2026-03-16T13:15:00.000Z,444.3988,445.59,443.81,445.51,0
2026-03-16T13:20:00.000Z,445.5,445.74,444.8,445.57,0
2026-03-16T13:25:00.000Z,445.5,446.3,443.25,446.13,0
2026-03-16T13:30:00.000Z,446.1600036621094,454.1899108886719,446.1400146484375,449.1499938964844,3887464
2026-03-16T13:35:00.000Z,449.20001220703125,451.2799987792969,447.8800048828125,448.760009765625,797500
2026-03-16T13:40:00.000Z,448.6957092285156,451.8800048828125,448.2200927734375,451.4580078125,831835
2026-03-16T13:45:00.000Z,451.49749755859375,454.8599853515625,451.25,453.1199951171875,1124550
2026-03-16T13:50:00.000Z,453.30999755859375,454,451.20001220703125,452.48089599609375,677222
2026-03-16T13:55:00.000Z,452.6799011230469,452.8900146484375,450.3100891113281,451.9200134277344,563326
2026-03-16T14:00:00.000Z,451.9800109863281,452.17999267578125,449.6700134277344,449.8500061035156,534336
2026-03-16T14:05:00.000Z,449.8500061035156,450.7300109863281,447.760009765625,447.8139953613281,539963
2026-03-16T14:10:00.000Z,447.81500244140625,449.9798889160156,447.1164855957031,447.33990478515625,455002
2026-03-16T14:15:00.000Z,447.25,447.8299865722656,444.54010009765625,445.864990234375,718336
2026-03-16T14:20:00.000Z,445.7799987792969,447.6199035644531,445.44000244140625,446.44500732421875,510997
2026-03-16T14:25:00.000Z,446.44500732421875,447.30999755859375,445.7300109863281,446.2650146484375,357821
2026-03-16T14:30:00.000Z,446.2820129394531,447.4399108886719,445.2200012207031,446.79998779296875,449868
2026-03-16T14:35:00.000Z,446.7749938964844,447.67999267578125,445.0299987792969,445.044189453125,341874
2026-03-16T14:40:00.000Z,445.04998779296875,446.79998779296875,444.8599853515625,446.66009521484375,302794
2026-03-16T14:45:00.000Z,446.739990234375,447.6700134277344,446.0299987792969,447.0799865722656,5282082
2026-03-16T14:50:00.000Z,446.9898986816406,448.5098876953125,446.0700988769531,448.4200134277344,0
2026-03-16T14:55:00.000Z,448.30999755859375,448.30999755859375,446.1720886230469,447.989990234375,296090
2026-03-16T15:00:00.000Z,447.9150085449219,447.9800109863281,446.91009521484375,447.4549865722656,5541600
2026-03-16T15:05:00.000Z,447.510009765625,447.5199890136719,445.6300048828125,446.2005920410156,0
2026-03-16T15:10:00.000Z,446.17999267578125,447.6700134277344,445.3999938964844,447.4100036621094,263527
2026-03-16T15:15:00.000Z,447.4100036621094,447.9100036621094,446.80999755859375,447.6600036621094,203246
2026-03-16T15:20:00.000Z,447.7200012207031,447.7200012207031,446.5600891113281,447.2300109863281,161757
2026-03-16T15:25:00.000Z,447.2900085449219,448.43609619140625,446.70001220703125,448.0631103515625,196655
2026-03-16T15:30:00.000Z,448.1300048828125,449.20001220703125,447.7200012207031,448,6093654
2026-03-16T15:35:00.000Z,447.94000244140625,448.29998779296875,446.5799865722656,447.1099853515625,0
2026-03-16T15:40:00.000Z,447.1133117675781,448.6300048828125,446.8999938964844,448.29998779296875,237431
2026-03-16T15:45:00.000Z,448.3299865722656,449.69000244140625,448.0799865722656,449.4949951171875,253929
2026-03-16T15:50:00.000Z,449.4200134277344,449.6199951171875,448.739990234375,449.3399963378906,211052
2026-03-16T15:55:00.000Z,449.3599853515625,449.385009765625,448.1000061035156,449.0920104980469,219494
2026-03-16T16:00:00.000Z,449.1050109863281,450.0799865722656,448.6000061035156,449.5050048828125,288484
2026-03-16T16:05:00.000Z,449.3999938964844,451.1499938964844,449.3890075683594,450.5480041503906,288099
2026-03-16T16:10:00.000Z,450.4700012207031,450.55450439453125,448.20001220703125,448.7099914550781,197565
2026-03-16T16:15:00.000Z,448.75,449.4049987792969,448.47100830078125,448.7799987792969,160974
2026-03-16T16:20:00.000Z,448.82000732421875,448.94989013671875,447.6400146484375,448.7149963378906,182189
2026-03-16T16:25:00.000Z,448.6007080078125,449.70001220703125,448.3999938964844,448.95721435546875,174510
2026-03-16T16:30:00.000Z,449,449.95001220703125,448.5,448.510009765625,197543
2026-03-16T16:35:00.000Z,448.510009765625,449.4798889160156,448.3299865722656,449.07000732421875,126547
2026-03-16T16:40:00.000Z,449.10150146484375,449.95001220703125,448.6200866699219,449.6900939941406,165359
2026-03-16T16:45:00.000Z,449.7200012207031,450.1099853515625,449.1499938964844,449.6199951171875,171654
2026-03-16T16:50:00.000Z,449.57000732421875,450.3500061035156,449.5,450.06549072265625,149680
2026-03-16T16:55:00.000Z,450.1000061035156,450.3999938964844,449.1000061035156,449.1593017578125,200182
2026-03-16T17:00:00.000Z,449.1700134277344,450.8500061035156,449.0799865722656,450.32501220703125,207273
2026-03-16T17:05:00.000Z,450.30999755859375,450.92999267578125,449.70001220703125,450.60400390625,197028
2026-03-16T17:10:00.000Z,450.5950012207031,450.8800048828125,449.5,450.8800048828125,221020
2026-03-16T17:15:00.000Z,450.8999938964844,450.92999267578125,449.56500244140625,450.44000244140625,180871
2026-03-16T17:20:00.000Z,450.385009765625,451.6700134277344,450.340087890625,450.8999938964844,297275
2026-03-16T17:25:00.000Z,450.94000244140625,451.1300048828125,449.0899963378906,449.1300048828125,232634
2026-03-16T17:30:00.000Z,449.1300964355469,450.1210021972656,449.125,449.7099914550781,159778
2026-03-16T17:35:00.000Z,449.7300109863281,449.9800109863281,448.7099914550781,448.7699890136719,179747
2026-03-16T17:40:00.000Z,448.7699890136719,448.94000244140625,447.07000732421875,447.2799987792969,191868
2026-03-16T17:45:00.000Z,447.32000732421875,447.6499938964844,446.7900085449219,446.94000244140625,217817
2026-03-16T17:50:00.000Z,446.9700012207031,448.1099853515625,446.94000244140625,447.66778564453125,226402
2026-03-16T17:55:00.000Z,447.70001220703125,449.5899963378906,447.32000732421875,448.82000732421875,307979
2026-03-16T18:00:00.000Z,448.92498779296875,449.0299987792969,447.4800109863281,448.6499938964844,202256
2026-03-16T18:05:00.000Z,448.57000732421875,448.8291931152344,447.0299987792969,447.5498962402344,195437
2026-03-16T18:10:00.000Z,447.54998779296875,447.659912109375,446.3800048828125,446.9200134277344,179245
2026-03-16T18:15:00.000Z,446.8500061035156,447.7699890136719,446.3699951171875,447.0799865722656,186058
2026-03-16T18:20:00.000Z,447.04998779296875,447.5299987792969,446.70001220703125,447.46990966796875,170319
2026-03-16T18:25:00.000Z,447.3800048828125,447.4339904785156,446.7650146484375,447.2200012207031,135773
2026-03-16T18:30:00.000Z,447.19000244140625,447.40631103515625,446.1000061035156,446.414306640625,183393
2026-03-16T18:35:00.000Z,446.4599914550781,446.5198974609375,445.0101013183594,446.2149963378906,418938
2026-03-16T18:40:00.000Z,446.2099914550781,446.4898986816406,445.91009521484375,446.3900146484375,154970
2026-03-16T18:45:00.000Z,446.3900146484375,446.6000061035156,446.04998779296875,446.3599853515625,147156
2026-03-16T18:50:00.000Z,446.364990234375,446.55999755859375,445.9154968261719,446.55999755859375,127504
2026-03-16T18:55:00.000Z,446.44000244140625,446.6300048828125,445.90008544921875,445.94000244140625,114527
2026-03-16T19:00:00.000Z,445.9599914550781,447.20001220703125,445.9599914550781,446.3500061035156,168449
2026-03-16T19:05:00.000Z,446.32000732421875,447,444.30999755859375,446.9549865722656,355548
2026-03-16T19:10:00.000Z,447,447.6300048828125,443.6499938964844,444.94000244140625,459455
2026-03-16T19:15:00.000Z,444.9949951171875,446.3598937988281,444.6477966308594,445.3280029296875,239384
2026-03-16T19:20:00.000Z,445.4200134277344,447.0899963378906,444.75,446.69000244140625,9717372
2026-03-16T19:25:00.000Z,446.7300109863281,446.9700012207031,445.3299865722656,446.30450439453125,0
2026-03-16T19:30:00.000Z,446.2694091796875,447.20001220703125,445.5712890625,446.67999267578125,216586
2026-03-16T19:35:00.000Z,446.739990234375,446.7998962402344,445.66009521484375,445.66009521484375,176363
2026-03-16T19:40:00.000Z,445.7099914550781,446.7598876953125,444.74261474609375,444.7900085449219,10124416
2026-03-16T19:45:00.000Z,444.8598937988281,444.8598937988281,439.3800048828125,439.54998779296875,0
2026-03-16T19:50:00.000Z,439.5,441.989990234375,437.7449951171875,439.56060791015625,719083
2026-03-16T19:55:00.000Z,439.7099914550781,441.9599914550781,439.6650085449219,441.7799987792969,865593
2026-03-16T20:00:00.000Z,441.83,442,440.8,441,0
2026-03-16T20:05:00.000Z,441,442.18,440.9,441.86,0
2026-03-16T20:10:00.000Z,441.96,442.3,441.5,442.15,0
2026-03-16T20:15:00.000Z,442.17,442.87,441.8,442.5,0
2026-03-16T20:20:00.000Z,442.48,442.69,442.25,442.6566,0
2026-03-16T20:25:00.000Z,442.55,443.3,442.52,442.99,0
2026-03-16T20:30:00.000Z,443,443.85,442.91,443.8,0
2026-03-16T20:35:00.000Z,443.74,443.9,443.25,443.7,0
2026-03-16T20:40:00.000Z,443.75,444.43,443.72,444.0207,0
2026-03-16T20:45:00.000Z,444.1,444.3,443.75,444.25,0
2026-03-16T20:50:00.000Z,444.27,445.39,441.8,445.32,0
2026-03-16T20:55:00.000Z,445.09,445.99,445.01,445.23,0
2026-03-16T21:00:00.000Z,445.49,446.88,445.49,446.54,0
2026-03-16T21:05:00.000Z,446.64,447.46,446.01,447.17,0
2026-03-16T21:10:00.000Z,447.3962,447.88,446.739,447,0
2026-03-16T21:15:00.000Z,447.08,447.1607,446,446.58,0
2026-03-16T21:20:00.000Z,446.5,446.6,445.95,446.59,0
2026-03-16T21:25:00.000Z,446.44,446.6,445.5,445.63,0
2026-03-16T21:30:00.000Z,445.5,446.95,445.5,446.12,0
2026-03-16T21:35:00.000Z,446.38,446.5,445.62,446.38,0
2026-03-16T21:40:00.000Z,446.25,446.46,446,446.2505,0
2026-03-16T21:45:00.000Z,446.25,446.43,415.3825,445.73,0
2026-03-16T21:50:00.000Z,445.93,446.2,445.85,446.051,0
2026-03-16T21:55:00.000Z,446.0569,446.2,445.95,446,0
2026-03-16T22:00:00.000Z,445.9565,446.15,445.03,445.1,0
2026-03-16T22:05:00.000Z,445.2883,445.95,445.04,445.8,0
2026-03-16T22:10:00.000Z,445.69,446.2019,445.3701,446.2019,0
2026-03-16T22:15:00.000Z,446.25,446.29,445.5,445.5,0
2026-03-16T22:20:00.000Z,445.7,446,445.6,445.7075,0
2026-03-16T22:25:00.000Z,446,446.52,445.8,446.52,0
2026-03-16T22:30:00.000Z,446.57,446.76,445.98,445.98,0
2026-03-16T22:35:00.000Z,446.1,446.39,445.5,445.62,0
2026-03-16T22:40:00.000Z,445.7262,446.19,445.5,445.93,0
2026-03-16T22:45:00.000Z,446,446.1,445.7,445.98,0
2026-03-16T22:50:00.000Z,445.93,446.035,445.6,445.71,0
2026-03-16T22:55:00.000Z,445.99,446.01,445.63,445.942,0
2026-03-16T23:00:00.000Z,445.94,446.24,445.7512,446.1,0
2026-03-16T23:05:00.000Z,446.09,446.6,445.98,446.6,0
2026-03-16T23:10:00.000Z,446.61,446.96,446.15,446.27,0
2026-03-16T23:15:00.000Z,446.228,446.88,446.15,446.87,0
2026-03-16T23:20:00.000Z,446.87,446.87,446.4,446.46,0
2026-03-16T23:25:00.000Z,446.42,446.98,446.2001,446.94,0
2026-03-16T23:30:00.000Z,446.94,447.37,446.94,447.126,0
2026-03-16T23:35:00.000Z,447.2,447.66,447.1,447.4975,0
2026-03-16T23:40:00.000Z,447.4975,447.87,447.4001,447.8,0
2026-03-16T23:45:00.000Z,447.84,448,447.6,447.85,0
2026-03-16T23:50:00.000Z,447.95,448.5,447.76,448.39,0
2026-03-16T23:55:00.000Z,448.32,448.39,447.8,447.86,0
2026-03-17T08:00:00.000Z,438.99,440,438.99,439.86,0
2026-03-17T08:05:00.000Z,439.17,439.8,438.26,438.26,0
2026-03-17T08:10:00.000Z,438.26,438.51,437.53,438,0
2026-03-17T08:15:00.000Z,438,439.5,437.59,439.5,0
2026-03-17T08:20:00.000Z,439.5,440.5,439.47,439.5,0
2026-03-17T08:25:00.000Z,439.69,440.45,439.55,439.85,0
2026-03-17T08:30:00.000Z,440,441.55,440,440.91,0
2026-03-17T08:35:00.000Z,441,441,439.88,440.35,0
2026-03-17T08:40:00.000Z,440.4,442.09,440.4,441.97,0
2026-03-17T08:45:00.000Z,442,442.53,441.96,442.38,0
2026-03-17T08:50:00.000Z,442.06,442.33,441,441.41,0
2026-03-17T08:55:00.000Z,441.43,441.5,441.14,441.33,0
2026-03-17T09:00:00.000Z,441.58,442.1,441.29,441.37,0
2026-03-17T09:05:00.000Z,441.48,441.8,441.1,441.44,0
2026-03-17T09:10:00.000Z,441.65,442.5,441.39,441.84,0
2026-03-17T09:15:00.000Z,442,442.55,441.7,442.55,0
2026-03-17T09:20:00.000Z,442.55,443.64,442.4,443.64,0
2026-03-17T09:25:00.000Z,443.81,445.15,443.66,444.66,0
2026-03-17T09:30:00.000Z,444.54,446.31,444.49,445.78,0
2026-03-17T09:35:00.000Z,445.78,446.2,445.51,445.98,0
2026-03-17T09:40:00.000Z,445.86,447.98,445.86,447.63,0
2026-03-17T09:45:00.000Z,447.63,447.63,446.2,446.23,0
2026-03-17T09:50:00.000Z,446.27,446.49,445.65,446.49,0
2026-03-17T09:55:00.000Z,446.22,446.6,446.11,446.53,0
2026-03-17T10:00:00.000Z,446.52,446.52,446.07,446.35,0
2026-03-17T10:05:00.000Z,446.02,446.17,445.6,445.7,0
2026-03-17T10:10:00.000Z,445.7,445.83,445.3,445.77,0
2026-03-17T10:15:00.000Z,445.77,445.8,444.1,444.3,0
2026-03-17T10:20:00.000Z,444.36,445.51,444.33,445,0
2026-03-17T10:25:00.000Z,445,445.39,444.95,445,0
2026-03-17T10:30:00.000Z,445.5,446.41,445.41,446.14,0
2026-03-17T10:35:00.000Z,446.2,446.2,445.4,445.6,0
2026-03-17T10:40:00.000Z,445.6,445.76,445.45,445.53,0
2026-03-17T10:45:00.000Z,445.69,446.19,445.69,446.14,0
2026-03-17T10:50:00.000Z,446.16,446.19,445.6,445.84,0
2026-03-17T10:55:00.000Z,445.8,446,445.5,445.6,0
2026-03-17T11:00:00.000Z,445.68,447.45,445.68,447.07,0
2026-03-17T11:05:00.000Z,447.06,448,447,447.8,0
2026-03-17T11:10:00.000Z,447.75,447.75,446.7,447.3,0
2026-03-17T11:15:00.000Z,447.3,448.5,447.17,448.2,0
2026-03-17T11:20:00.000Z,448.22,449.44,448.15,449.36,0
2026-03-17T11:25:00.000Z,449.33,449.76,449.22,449.5,0
2026-03-17T11:30:00.000Z,449.5,450.12,448.67,449.8,0
2026-03-17T11:35:00.000Z,449.74,451,449.47,450.9,0
2026-03-17T11:40:00.000Z,450.89,451,449.96,450.12,0
2026-03-17T11:45:00.000Z,450.23,451.42,450,451,0
2026-03-17T11:50:00.000Z,450.99,451.78,450.35,450.59,0
2026-03-17T11:55:00.000Z,450.59,450.87,450.1,450.2,0
2026-03-17T12:00:00.000Z,441.1,452.5,434,452,0
2026-03-17T12:05:00.000Z,452,453.58,434.52,453.5,0
2026-03-17T12:10:00.000Z,453.55,453.8,453,453.076,0
2026-03-17T12:15:00.000Z,453.05,454.56,452.66,454.5337,0
2026-03-17T12:20:00.000Z,454.53,455.12,453.37,453.84,0
2026-03-17T12:25:00.000Z,453.72,454.3,452.31,452.9899,0
2026-03-17T12:30:00.000Z,452.8011,453.02,452.13,452.31,0
2026-03-17T12:35:00.000Z,452.2556,452.5,451.59,452.45,0
2026-03-17T12:40:00.000Z,452.4896,452.55,451.5,451.75,0
2026-03-17T12:45:00.000Z,451.65,452.53,451.3,452.3622,0
2026-03-17T12:50:00.000Z,452.2925,452.5,451.51,451.6,0
2026-03-17T12:55:00.000Z,451.8,452.02,451.57,452,0
2026-03-17T13:00:00.000Z,451.75,452.54,451.51,452.44,0
2026-03-17T13:05:00.000Z,452.37,454.47,452.37,454.1999,0
2026-03-17T13:10:00.000Z,454.2,454.482,453.01,453.88,0
2026-03-17T13:15:00.000Z,453.75,454.5,453.23,453.961,0
2026-03-17T13:20:00.000Z,453.88,454,452.69,453.74,0
2026-03-17T13:25:00.000Z,454,454.23,452,452.33,0
2026-03-17T13:30:00.000Z,452.5350036621094,454.29998779296875,448.35009765625,451.4447021484375,4299400
2026-03-17T13:35:00.000Z,451.2001037597656,452.20001220703125,446.5,447.3269958496094,0
2026-03-17T13:40:00.000Z,447.5,448.4898986816406,445.45001220703125,448.4285888671875,742047
2026-03-17T13:45:00.000Z,448.5,449.17999267578125,445.25,446.8800048828125,587302
2026-03-17T13:50:00.000Z,446.8799133300781,449.0199890136719,445.1401062011719,448.6600036621094,529555
2026-03-17T13:55:00.000Z,448.6600036621094,449.7900085449219,447.20001220703125,449.68499755859375,542713
2026-03-17T14:00:00.000Z,449.79998779296875,451.3500061035156,448.2900085449219,448.7699890136719,621038
2026-03-17T14:05:00.000Z,448.70001220703125,449.82000732421875,448.54998779296875,449.08551025390625,297156
2026-03-17T14:10:00.000Z,449.0729064941406,450,448.1499938964844,448.3999938964844,320599
2026-03-17T14:15:00.000Z,448.32000732421875,451.9798889160156,447.6400146484375,451.875,494600
2026-03-17T14:20:00.000Z,451.8800048828125,453,450.75,452.67498779296875,679050
2026-03-17T14:25:00.000Z,452.67498779296875,456.45989990234375,451.7699890136719,453.8330078125,1089635
2026-03-17T14:30:00.000Z,453.864990234375,454.42999267578125,452.2699890136719,453.46990966796875,461201
2026-03-17T14:35:00.000Z,453.29998779296875,456.82000732421875,452.79998779296875,455.44000244140625,766914
2026-03-17T14:40:00.000Z,455.5299072265625,456.9200134277344,454.5299987792969,455.6099853515625,532810
2026-03-17T14:45:00.000Z,455.6099853515625,456.20001220703125,454.55999755859375,455.8999938964844,435653
2026-03-17T14:50:00.000Z,455.80499267578125,457.2099914550781,455.5,456.3900146484375,5170862
2026-03-17T14:55:00.000Z,456.5050048828125,458.139892578125,456.17999267578125,456.42999267578125,0
2026-03-17T15:00:00.000Z,456.4150085449219,457.7799987792969,456.0199890136719,456.7301025390625,420622
2026-03-17T15:05:00.000Z,456.7699890136719,456.9200134277344,455.010009765625,456.3500061035156,5559961
2026-03-17T15:10:00.000Z,456.340087890625,456.8999938964844,456.01629638671875,456.5199890136719,0
2026-03-17T15:15:00.000Z,456.5625,458.2799987792969,456.114990234375,457.4450988769531,376995
2026-03-17T15:20:00.000Z,457.44000244140625,457.56988525390625,455.39208984375,455.4150085449219,268125
2026-03-17T15:25:00.000Z,455.32000732421875,455.9200134277344,454.5,455.40130615234375,320801
2026-03-17T15:30:00.000Z,455.3999938964844,456.9800109863281,455.0400085449219,455.52069091796875,259982
2026-03-17T15:35:00.000Z,455.5450134277344,455.6700134277344,453.43011474609375,455.0199890136719,302251
2026-03-17T15:40:00.000Z,455.0350036621094,456.5400085449219,454.69500732421875,456.5400085449219,209124
2026-03-17T15:45:00.000Z,456.5299987792969,456.94989013671875,455.20001220703125,455.3599853515625,232861
2026-03-17T15:50:00.000Z,455.3900146484375,455.7300109863281,454.4800109863281,455.0799865722656,195375
2026-03-17T15:55:00.000Z,455.05999755859375,455.17999267578125,453.864990234375,453.9299011230469,179930
2026-03-17T16:00:00.000Z,453.7799987792969,454.39990234375,452.7200012207031,453.8294982910156,338632
2026-03-17T16:05:00.000Z,453.82501220703125,454.864990234375,453.510009765625,454.69000244140625,197888
2026-03-17T16:10:00.000Z,454.70001220703125,455.54998779296875,454.4800109863281,454.6799011230469,183867
2026-03-17T16:15:00.000Z,454.6400146484375,455.5199890136719,454.5,455.4450988769531,141354
2026-03-17T16:20:00.000Z,455.44500732421875,456,454.5465087890625,455.5799865722656,228811
2026-03-17T16:25:00.000Z,455.44000244140625,455.5198974609375,454.8599853515625,455.0299987792969,108790
2026-03-17T16:30:00.000Z,455.0799865722656,455.760009765625,454.1700134277344,454.30999755859375,181639
2026-03-17T16:35:00.000Z,454.3699951171875,454.4858093261719,453.1377868652344,454.2749938964844,248775
2026-03-17T16:40:00.000Z,454.3338928222656,455.4639892578125,454.1600036621094,455.18499755859375,181848
2026-03-17T16:45:00.000Z,455.239990234375,455.8299865722656,454.7699890136719,455.6099853515625,147179
2026-03-17T16:50:00.000Z,455.54998779296875,455.9599914550781,455.0000915527344,455.57000732421875,170563
2026-03-17T16:55:00.000Z,455.43011474609375,456.3299865722656,454.8699951171875,455.0000915527344,193399
2026-03-17T17:00:00.000Z,454.82000732421875,456.3299865722656,454.80999755859375,455.79998779296875,195814
2026-03-17T17:05:00.000Z,455.739990234375,456.79998779296875,455.156005859375,456.5150146484375,161178
2026-03-17T17:10:00.000Z,456.45001220703125,456.8800048828125,455.92999267578125,456.658203125,114009
2026-03-17T17:15:00.000Z,456.54998779296875,457.44000244140625,456.4200134277344,457.17999267578125,190830
2026-03-17T17:20:00.000Z,457.1600036621094,457.489990234375,456.75,456.9219970703125,140934
2026-03-17T17:25:00.000Z,456.9599914550781,457.39990234375,456.6000061035156,457.1199951171875,129856
2026-03-17T17:30:00.000Z,457.1300048828125,457.6098937988281,455.79998779296875,455.9100036621094,197424
2026-03-17T17:35:00.000Z,455.95001220703125,456.1700134277344,455.5101013183594,455.8399963378906,159920
2026-03-17T17:40:00.000Z,455.9100036621094,456.04998779296875,455.1400146484375,455.1549987792969,149082
2026-03-17T17:45:00.000Z,455.2099914550781,456.5098876953125,455.1000061035156,456.3500061035156,150173
2026-03-17T17:50:00.000Z,456.375,457.5,455.95001220703125,457.4049987792969,161502
2026-03-17T17:55:00.000Z,457.3599853515625,457.4200134277344,456.70721435546875,457.1400146484375,163361
2026-03-17T18:00:00.000Z,457.1499938964844,457.79998779296875,456.8930969238281,457.5299987792969,168342
2026-03-17T18:05:00.000Z,457.4549865722656,459,457.17999267578125,458.4986877441406,367439
2026-03-17T18:10:00.000Z,458.4999084472656,458.8699035644531,458.1700134277344,458.5299987792969,182057
2026-03-17T18:15:00.000Z,458.489990234375,459.44989013671875,458.44000244140625,458.9200134277344,243253
2026-03-17T18:20:00.000Z,458.9100036621094,459.2898864746094,458.2200012207031,458.79998779296875,242744
2026-03-17T18:25:00.000Z,458.91400146484375,459.3800048828125,458.4800109863281,458.6099853515625,194960
2026-03-17T18:30:00.000Z,458.6099853515625,459.20001220703125,458.25,459.1217956542969,196602
2026-03-17T18:35:00.000Z,459.1199951171875,459.8299865722656,458.8999938964844,459.5299987792969,275759
2026-03-17T18:40:00.000Z,459.6300048828125,459.9599914550781,459.32000732421875,459.68011474609375,189441
2026-03-17T18:45:00.000Z,459.6600036621094,461.32000732421875,459.5899963378906,460.0539855957031,475995
2026-03-17T18:50:00.000Z,460.0799865722656,460.3900146484375,459.4100036621094,459.4898986816406,224227
2026-03-17T18:55:00.000Z,459.45001220703125,459.94000244140625,458.9100036621094,459.79400634765625,221197
2026-03-17T19:00:00.000Z,459.80499267578125,460.5799865722656,459.67999267578125,460.260009765625,214299
2026-03-17T19:05:00.000Z,460.25,460.5,460.0299987792969,460.1600036621094,175372
2026-03-17T19:10:00.000Z,460.12298583984375,460.79998779296875,460.05999755859375,460.4599914550781,187698
2026-03-17T19:15:00.000Z,460.3999938964844,461.4599914550781,460.3450012207031,461.05999755859375,325071
2026-03-17T19:20:00.000Z,461.1499938964844,461.84991455078125,461.07000732421875,461.7799072265625,287653
2026-03-17T19:25:00.000Z,461.7300109863281,462.67999267578125,461.4801025390625,461.8399963378906,498771
2026-03-17T19:30:00.000Z,461.8999938964844,462.7298889160156,461.29998779296875,461.4200134277344,363645
2026-03-17T19:35:00.000Z,461.44000244140625,461.44000244140625,460.590087890625,460.9599914550781,374267
2026-03-17T19:40:00.000Z,460.9540100097656,461.1098937988281,459.6000061035156,460.55999755859375,381158
2026-03-17T19:45:00.000Z,460.5400085449219,461.4700012207031,460.1400146484375,461.18499755859375,334119
2026-03-17T19:50:00.000Z,461.1499938964844,461.92999267578125,458.7200012207031,461.35101318359375,587731
2026-03-17T19:55:00.000Z,461.3699951171875,462.1000061035156,459.8900146484375,461.67999267578125,957595
2026-03-17T20:00:00.000Z,461.7,462.45,461,462.1,0
2026-03-17T20:05:00.000Z,462.1,462.1218,461.5,461.9,0
2026-03-17T20:10:00.000Z,461.95,463.5,457.3841,463.3001,0
2026-03-17T20:15:00.000Z,463.32,463.73,461.69,463.6,0
2026-03-17T20:20:00.000Z,461.69,463.65,461.69,463.5,0
2026-03-17T20:25:00.000Z,463.1,463.5,463.06,463.3504,0
2026-03-17T20:30:00.000Z,463.35,463.65,463.2001,463.47,0
2026-03-17T20:35:00.000Z,463.49,463.8,463.3,463.6,0
2026-03-17T20:40:00.000Z,463.6455,464.83,463.6,464.6538,0
2026-03-17T20:45:00.000Z,464.5,464.83,464.21,464.53,0
2026-03-17T20:50:00.000Z,464.25,464.64,461.69,464.33,0
2026-03-17T20:55:00.000Z,464.25,464.33,447.2571,464.1204,0
2026-03-17T21:00:00.000Z,464.18,464.2,461.69,463.18,0
2026-03-17T21:05:00.000Z,463.1008,463.2,462.14,462.22,0
2026-03-17T21:10:00.000Z,462.2485,462.79,447.2571,462.74,0
2026-03-17T21:15:00.000Z,462.74,463.4785,462.5,463.4785,0
2026-03-17T21:20:00.000Z,463.15,463.5365,461.69,462.9985,0
2026-03-17T21:25:00.000Z,463,463.7499,462.99,463.48,0
2026-03-17T21:30:00.000Z,463.48,463.6905,463.1,463.18,0
2026-03-17T21:35:00.000Z,463.01,463.7,462.8,463.45,0
2026-03-17T21:40:00.000Z,463.64,464.05,463.58,463.72,0
2026-03-17T21:45:00.000Z,463.7,463.95,463.03,463.5599,0
2026-03-17T21:50:00.000Z,463.41,463.99,463.31,463.661,0
2026-03-17T21:55:00.000Z,463.63,463.98,463.5,463.5,0
2026-03-17T22:00:00.000Z,463.75,463.79,463.03,463.39,0
2026-03-17T22:05:00.000Z,463.4,463.57,463.21,463.42,0
2026-03-17T22:10:00.000Z,463.49,463.86,463.21,463.8,0
2026-03-17T22:15:00.000Z,463.8,463.83,463.21,463.21,0
2026-03-17T22:20:00.000Z,463.25,463.8,463.01,463.5,0
2026-03-17T22:25:00.000Z,463.74,463.74,463.3,463.41,0
2026-03-17T22:30:00.000Z,463.5,463.6,463.4,463.4999,0
2026-03-17T22:35:00.000Z,463.41,463.48,462.9,462.9,0
2026-03-17T22:40:00.000Z,462.9,463.1282,462.79,463.12,0
2026-03-17T22:45:00.000Z,463.2,463.49,463.11,463.18,0
2026-03-17T22:50:00.000Z,463.18,463.64,463.11,463.57,0
2026-03-17T22:55:00.000Z,463.57,463.98,463.4,463.87,0
2026-03-17T23:00:00.000Z,463.76,463.87,463.4,463.57,0
2026-03-17T23:05:00.000Z,463.57,463.79,463.4,463.51,0
2026-03-17T23:10:00.000Z,463.56,463.74,463.41,463.7074,0
2026-03-17T23:15:00.000Z,463.69,463.87,463.68,463.81,0
2026-03-17T23:20:00.000Z,463.84,464,463.76,463.9,0
2026-03-17T23:25:00.000Z,463.9,464.58,463.9,464.26,0
2026-03-17T23:30:00.000Z,464.25,464.4,463.9,464.2999,0
2026-03-17T23:35:00.000Z,464.3,464.5,464.21,464.41,0
2026-03-17T23:40:00.000Z,464.43,464.44,464,464.42,0
2026-03-17T23:45:00.000Z,464.42,464.5801,464.26,464.3718,0
2026-03-17T23:50:00.000Z,464.3772,464.6,464.3,464.58,0
2026-03-17T23:55:00.000Z,464.53,464.7,464.4,464.58,0
2026-03-18T08:00:00.000Z,476,476,473.59,474.6,0
2026-03-18T08:05:00.000Z,474.62,475.62,474.55,474.9,0
2026-03-18T08:10:00.000Z,474.92,475.12,474.23,474.88,0
2026-03-18T08:15:00.000Z,474.88,475.1,474.7,475.1,0
2026-03-18T08:20:00.000Z,475.19,476.01,475.06,475.5,0
2026-03-18T08:25:00.000Z,475.5,475.58,474.01,474.65,0
2026-03-18T08:30:00.000Z,474.71,475.07,473.88,474.35,0
2026-03-18T08:35:00.000Z,474.36,474.58,473.74,474.32,0
2026-03-18T08:40:00.000Z,474.4,474.65,474.08,474.18,0
2026-03-18T08:45:00.000Z,474.37,474.5,473.89,474,0
2026-03-18T08:50:00.000Z,474.31,474.83,473.89,474.15,0
2026-03-18T08:55:00.000Z,474.5,474.5,473.76,473.97,0
2026-03-18T09:00:00.000Z,473.99,474.5,473.69,474.23,0
2026-03-18T09:05:00.000Z,474.23,475,474,474.2,0
2026-03-18T09:10:00.000Z,474.2,474.32,473.21,473.37,0
2026-03-18T09:15:00.000Z,473.37,474.39,473.37,474.13,0
2026-03-18T09:20:00.000Z,474.14,474.59,473.63,473.82,0
2026-03-18T09:25:00.000Z,473.89,473.89,472.6,473.29,0
2026-03-18T09:30:00.000Z,473.4,473.87,473.25,473.83,0
2026-03-18T09:35:00.000Z,473.84,474.44,473.55,473.6,0
2026-03-18T09:40:00.000Z,473.72,474,473.6,473.87,0
2026-03-18T09:45:00.000Z,473.87,474.28,473.5,473.88,0
2026-03-18T09:50:00.000Z,473.9,474.2,473.01,473.4,0
2026-03-18T09:55:00.000Z,473.47,473.55,472.74,473.3,0
2026-03-18T10:00:00.000Z,473.32,473.57,471.57,472,0
2026-03-18T10:05:00.000Z,472,473,472,472.61,0
2026-03-18T10:10:00.000Z,472.62,472.86,472.3,472.86,0
2026-03-18T10:15:00.000Z,472.82,472.86,472.25,472.74,0
2026-03-18T10:20:00.000Z,472.74,473.88,472.74,473.58,0
2026-03-18T10:25:00.000Z,473.54,473.82,473.5,473.54,0
2026-03-18T10:30:00.000Z,473.54,473.87,473.54,473.8,0
2026-03-18T10:35:00.000Z,473.79,473.99,473.7,473.88,0
2026-03-18T10:40:00.000Z,473.83,474,473,473,0
2026-03-18T10:45:00.000Z,473.22,473.4,473.08,473.37,0
2026-03-18T10:50:00.000Z,473.36,473.36,472.5,472.5,0
2026-03-18T10:55:00.000Z,472.5,472.57,471.83,471.83,0
2026-03-18T11:00:00.000Z,472,472.31,470.51,471.25,0
2026-03-18T11:05:00.000Z,471.3,471.55,471,471.5,0
2026-03-18T11:10:00.000Z,471.51,472.47,471.51,472,0
2026-03-18T11:15:00.000Z,472.2,472.75,472.2,472.36,0
2026-03-18T11:20:00.000Z,472.49,472.68,471.5,471.6,0
2026-03-18T11:25:00.000Z,471.63,471.81,469.62,469.99,0
2026-03-18T11:30:00.000Z,470.01,471.3,469.71,470.5,0
2026-03-18T11:35:00.000Z,470.5,470.72,469.54,470.19,0
2026-03-18T11:40:00.000Z,470.2,470.84,469.6,469.6,0
2026-03-18T11:45:00.000Z,469.6,469.98,468.67,468.79,0
2026-03-18T11:50:00.000Z,468.67,469.49,468.1,469.49,0
2026-03-18T11:55:00.000Z,469.36,469.89,468.77,468.8,0
2026-03-18T12:00:00.000Z,468.8,477.61,461.69,467.46,0
2026-03-18T12:05:00.000Z,467.46,477.15,461.69,467.8,0
2026-03-18T12:10:00.000Z,468,468.63,466,467,0
2026-03-18T12:15:00.000Z,467,467.49,463.55,464,0
2026-03-18T12:20:00.000Z,463.91,466.2,463.6688,465,0
2026-03-18T12:25:00.000Z,465,466.11,464.34,465.89,0
2026-03-18T12:30:00.000Z,465.75,465.95,463.01,464,0
2026-03-18T12:35:00.000Z,464.2,465.69,461.69,465.69,0
2026-03-18T12:40:00.000Z,465.69,465.9655,463.03,463.6,0
2026-03-18T12:45:00.000Z,463.6,464.59,463,463.0924,0
2026-03-18T12:50:00.000Z,463.1,464.9,462.91,463.6,0
2026-03-18T12:55:00.000Z,463.59,465.16,463.43,463.8,0
2026-03-18T13:00:00.000Z,463.96,464.01,462,463.33,0
2026-03-18T13:05:00.000Z,463.4,463.4,461,461.2505,0
2026-03-18T13:10:00.000Z,461.28,462.7,461,462.6207,0
2026-03-18T13:15:00.000Z,462.56,463,461,462.8926,0
2026-03-18T13:20:00.000Z,462.5001,465.16,462.5001,464.4965,0
2026-03-18T13:25:00.000Z,464.89,465.8107,463.8,464.98,0
2026-03-18T13:30:00.000Z,464.760009765625,467.9800109863281,461.32000732421875,462.6431884765625,3602654
2026-03-18T13:35:00.000Z,462.7300109863281,465.6000061035156,461.9200134277344,463.7799987792969,816483
2026-03-18T13:40:00.000Z,463.7723083496094,463.7723083496094,458.29998779296875,460,979278
2026-03-18T13:45:00.000Z,460.1099853515625,464.3699951171875,459.79998779296875,464.010009765625,709095
2026-03-18T13:50:00.000Z,463.9849853515625,464.17999267578125,461.44000244140625,464.0400085449219,504611
2026-03-18T13:55:00.000Z,463.9601135253906,466,462.5899963378906,465.4798889160156,698395
2026-03-18T14:00:00.000Z,465.3399963378906,467.20001220703125,464.0299987792969,465.54998779296875,690078
2026-03-18T14:05:00.000Z,465.5,467.04998779296875,464.9100036621094,466.82000732421875,483766
2026-03-18T14:10:00.000Z,466.82000732421875,467.4100036621094,464.2200012207031,464.2720947265625,4101986
2026-03-18T14:15:00.000Z,464.3999938964844,465.7298889160156,462.80999755859375,463.3236083984375,0
2026-03-18T14:20:00.000Z,463.17999267578125,464.32000732421875,461.5,461.80560302734375,525877
2026-03-18T14:25:00.000Z,461.8800048828125,462.5,459.55010986328125,461.5350036621094,493962
2026-03-18T14:30:00.000Z,461.57000732421875,463.909912109375,461.3299865722656,462.6400146484375,390972
2026-03-18T14:35:00.000Z,462.6499938964844,463.3999938964844,462.1600036621094,462.30999755859375,222419
2026-03-18T14:40:00.000Z,462.3500061035156,463.7900085449219,462.04998779296875,463.239990234375,281008
2026-03-18T14:45:00.000Z,463.2349853515625,465.1700134277344,463.2349853515625,464.5299987792969,334803
2026-03-18T14:50:00.000Z,464.5199890136719,466.5599060058594,464.5199890136719,466,488230
2026-03-18T14:55:00.000Z,465.9599914550781,466.8999938964844,465.55999755859375,466.79998779296875,330027
2026-03-18T15:00:00.000Z,466.7699890136719,469.0150146484375,466.6000061035156,468.8999938964844,636219
2026-03-18T15:05:00.000Z,468.79998779296875,471.3399963378906,468.6400146484375,469.9599914550781,813329
2026-03-18T15:10:00.000Z,469.92999267578125,470.59991455078125,468.72039794921875,469.2799987792969,501513
2026-03-18T15:15:00.000Z,469.22479248046875,470.2300109863281,468.1700134277344,469.0899963378906,389033
2026-03-18T15:20:00.000Z,469.1000061035156,469.57000732421875,467.6050109863281,468.17999267578125,344517
2026-03-18T15:25:00.000Z,468.20849609375,468.3399963378906,467.44000244140625,467.4649963378906,331296
2026-03-18T15:30:00.000Z,467.525390625,467.95001220703125,466.2900085449219,467.3728942871094,337899
2026-03-18T15:35:00.000Z,467.3550109863281,469.3599853515625,467.1499938964844,468.8699951171875,387422
2026-03-18T15:40:00.000Z,468.75,469.8399963378906,468.6200866699219,469.4100036621094,305910
2026-03-18T15:45:00.000Z,469.4800109863281,469.8800048828125,468.3240051269531,468.5400085449219,277764
2026-03-18T15:50:00.000Z,468.5342102050781,469.39990234375,468.2757873535156,468.8999938964844,250998
2026-03-18T15:55:00.000Z,468.9197998046875,468.93798828125,467.010009765625,467.3655090332031,286632
2026-03-18T16:00:00.000Z,467.4049987792969,467.8800048828125,466.010009765625,467.385009765625,331869
2026-03-18T16:05:00.000Z,467.385009765625,467.385009765625,465.82000732421875,466.05999755859375,274859
2026-03-18T16:10:00.000Z,466.25,467.0400085449219,465.67010498046875,466.67999267578125,271386
2026-03-18T16:15:00.000Z,466.5849914550781,468.3299865722656,466.29998779296875,468.3299865722656,337095
2026-03-18T16:20:00.000Z,468.2950134277344,469.3999938964844,467.8399963378906,468.6199951171875,312111
2026-03-18T16:25:00.000Z,468.6400146484375,469.260009765625,468.4103088378906,468.9549865722656,157786
2026-03-18T16:30:00.000Z,468.9549865722656,469.8500061035156,468.010009765625,468.091796875,300481
2026-03-18T16:35:00.000Z,468.06500244140625,468.0722961425781,466.9599914550781,467.9100036621094,297495
2026-03-18T16:40:00.000Z,467.8700866699219,467.9700012207031,466.54998779296875,467.07000732421875,258935
2026-03-18T16:45:00.000Z,467.0400085449219,467.1780090332031,465.7699890136719,466.6199951171875,270547
2026-03-18T16:50:00.000Z,466.5950012207031,466.6700134277344,466.1199951171875,466.3949890136719,153822
2026-03-18T16:55:00.000Z,466.3949890136719,467.2499084472656,465.75,465.7500915527344,193692
2026-03-18T17:00:00.000Z,465.75,465.9999084472656,465.0299987792969,465.7900085449219,206542
2026-03-18T17:05:00.000Z,465.74810791015625,466.07000732421875,464.6700134277344,464.9100036621094,248362
2026-03-18T17:10:00.000Z,464.9049987792969,465.42999267578125,464.0899963378906,464.4549865722656,214341
2026-03-18T17:15:00.000Z,464.5799865722656,465.8388977050781,464.3299865722656,465.3999938964844,220957
2026-03-18T17:20:00.000Z,465.44000244140625,465.9024963378906,465.20001220703125,465.5299072265625,154010
2026-03-18T17:25:00.000Z,465.4620056152344,465.8262939453125,464.95001220703125,465.3800048828125,135597
2026-03-18T17:30:00.000Z,465.4200134277344,465.6369934082031,464.3999938964844,465.3500061035156,148940
2026-03-18T17:35:00.000Z,465.45989990234375,466.2698974609375,465.4501037597656,466.1199951171875,190312
2026-03-18T17:40:00.000Z,466.1256103515625,466.20989990234375,465.5299987792969,465.7200012207031,139408
2026-03-18T17:45:00.000Z,465.67999267578125,466.2789001464844,465.25,465.57000732421875,167463
2026-03-18T17:50:00.000Z,465.614990234375,466.0386047363281,465.3800964355469,466.0386047363281,123902
2026-03-18T17:55:00.000Z,466.07000732421875,466.9800109863281,465.9100036621094,466.0871887207031,183898
2026-03-18T18:00:00.000Z,466.239990234375,468.5971984863281,465.9523010253906,468.3500061035156,7756865
2026-03-18T18:05:00.000Z,468.2799987792969,468.6700134277344,467.57000732421875,468.5899963378906,0
2026-03-18T18:10:00.000Z,468.5199890136719,468.5899963378906,467.8299865722656,468.07000732421875,198162
2026-03-18T18:15:00.000Z,468.010009765625,468.6199951171875,466.92999267578125,467.86138916015625,219254
2026-03-18T18:20:00.000Z,467.8599853515625,468.389892578125,467.010009765625,468.0450134277344,196608
2026-03-18T18:25:00.000Z,468.05999755859375,468.49920654296875,467.7001037597656,467.9811096191406,164313
2026-03-18T18:30:00.000Z,467.8699951171875,468.17999267578125,466.4849853515625,466.5,8050928
2026-03-18T18:35:00.000Z,466.5299987792969,468.5199890136719,466.5299987792969,468.3900146484375,343035
2026-03-18T18:40:00.000Z,468.25,470.2300109863281,467.79998779296875,469.15850830078125,0
2026-03-18T18:45:00.000Z,469.0199890136719,469.6400146484375,467.9100036621094,468.7998962402344,346329
2026-03-18T18:50:00.000Z,468.8500061035156,469.25,467.3299865722656,468.4200134277344,305538
2026-03-18T18:55:00.000Z,468.4305114746094,469.07000732421875,467.260009765625,468.1449890136719,339284
2026-03-18T19:00:00.000Z,468.1745910644531,468.2499084472656,467,468.0799865722656,286060
2026-03-18T19:05:00.000Z,468.1400146484375,468.6571044921875,466.25,466.7969055175781,316523
2026-03-18T19:10:00.000Z,466.67999267578125,466.9299011230469,465.6091003417969,466.4150085449219,345928
2026-03-18T19:15:00.000Z,466.4700012207031,466.5150146484375,465.6300048828125,465.70001220703125,264355
2026-03-18T19:20:00.000Z,465.70001220703125,466.8800048828125,464.6700134277344,465.1499938964844,406175
2026-03-18T19:25:00.000Z,465.1700134277344,465.6400146484375,464.2500915527344,464.94500732421875,307262
2026-03-18T19:30:00.000Z,464.8699951171875,466.93609619140625,464.67999267578125,465.20001220703125,440533
2026-03-18T19:35:00.000Z,465.17999267578125,467.3800048828125,464.4100036621094,467.2467956542969,488854
2026-03-18T19:40:00.000Z,467.33990478515625,468.2598876953125,464.66259765625,466.5101013183594,604282
2026-03-18T19:45:00.000Z,466.57501220703125,467.7799987792969,465.94000244140625,466.94830322265625,542764
2026-03-18T19:50:00.000Z,466.8500061035156,468.6300048828125,466.29998779296875,468.3500061035156,660315
2026-03-18T19:55:00.000Z,468.2799987792969,468.364990234375,461.6000061035156,461.8399963378906,1680106
2026-03-18T20:00:00.000Z,461.92,476.32,461.7,468.56,0
2026-03-18T20:05:00.000Z,468.03,470,455.04,465.98,0
2026-03-18T20:10:00.000Z,465.98,469.63,461.73,465.25,0
2026-03-18T20:15:00.000Z,465.25,469.85,461.73,465.15,0
2026-03-18T20:20:00.000Z,465.1802,466.88,456,456.306,0
2026-03-18T20:25:00.000Z,456.43,456.58,445.25,449.48,0
2026-03-18T20:30:00.000Z,449.5,456.51,449,455,0
2026-03-18T20:35:00.000Z,455.3535,461.73,451.2,452.92,0
2026-03-18T20:40:00.000Z,452.02,456,451.65,456,0
2026-03-18T20:45:00.000Z,455.87,458.99,454.16,458.1066,0
2026-03-18T20:50:00.000Z,458.6284,461.99,457.6,459.4999,0
2026-03-18T20:55:00.000Z,459.53,459.95,453.51,453.52,0
2026-03-18T21:00:00.000Z,453.78,455,452.3,454.4,0
2026-03-18T21:05:00.000Z,454.3,457.5,454.13,457.3007,0
2026-03-18T21:10:00.000Z,457.24,457.5,454.01,454.01,0
2026-03-18T21:15:00.000Z,454.0806,455,450.55,451.48,0
2026-03-18T21:20:00.000Z,451.469,461.73,450.55,451.65,0
2026-03-18T21:25:00.000Z,451.9,452.1,446.07,448.23,0
2026-03-18T21:30:00.000Z,448.19,461.73,446.29,449.03,0
2026-03-18T21:35:00.000Z,449.0855,449.73,447.32,447.7,0
2026-03-18T21:40:00.000Z,447.7,448.74,446.07,447.9,0
2026-03-18T21:45:00.000Z,447.9018,461.73,447.54,449.3015,0
2026-03-18T21:50:00.000Z,449.38,461.73,445.16,446.7,0
2026-03-18T21:55:00.000Z,446.6653,447.78,441.95,442,0
2026-03-18T22:00:00.000Z,441.9987,443.25,439,442.7985,0
2026-03-18T22:05:00.000Z,442.77,444.17,441.22,443.2021,0
2026-03-18T22:10:00.000Z,443.48,444.5999,442.53,442.9501,0
2026-03-18T22:15:00.000Z,443.26,444.2,441.07,441.0704,0
2026-03-18T22:20:00.000Z,441.0804,441.9,440.04,441.7869,0
2026-03-18T22:25:00.000Z,441.7707,442,439.5,439.5,0
2026-03-18T22:30:00.000Z,439.84,439.89,435.62,435.98,0
2026-03-18T22:35:00.000Z,435.6411,437.4123,434.18,436.7,0
2026-03-18T22:40:00.000Z,436.67,437.8,435.33,437.7987,0
2026-03-18T22:45:00.000Z,437.7805,439.3,437.44,438.4768,0
2026-03-18T22:50:00.000Z,438.4709,440.25,438.07,440.2044,0
2026-03-18T22:55:00.000Z,440.22,441.83,439.46,441.51,0
2026-03-18T23:00:00.000Z,441.5,443.27,441.1801,442.6,0
2026-03-18T23:05:00.000Z,442.52,442.7,440,440.88,0
2026-03-18T23:10:00.000Z,440.65,442.36,439.96,440.6305,0
2026-03-18T23:15:00.000Z,440.6,441.8319,440,440.42,0
2026-03-18T23:20:00.000Z,440.42,440.7,438.69,439.95,0
2026-03-18T23:25:00.000Z,439.95,441.38,439.2,441,0
2026-03-18T23:30:00.000Z,440.8,441.36,440.1,440.7,0
2026-03-18T23:35:00.000Z,440.7,441.38,440.3347,440.67,0
2026-03-18T23:40:00.000Z,440.83,441.999,440.4,440.81,0
2026-03-18T23:45:00.000Z,440.7787,441,439.04,439.6886,0
2026-03-18T23:50:00.000Z,439.5223,439.94,438.3062,439.76,0
2026-03-18T23:55:00.000Z,439.7,441.28,439.11,441.28,0
2026-03-19T08:00:00.000Z,446.78,447.01,438.38,439.03,0
2026-03-19T08:05:00.000Z,438.98,441.45,438.98,441.15,0
2026-03-19T08:10:00.000Z,441.19,443.18,440.75,442.71,0
2026-03-19T08:15:00.000Z,442.82,443.87,442.7,442.92,0
2026-03-19T08:20:00.000Z,442.96,444.21,442.96,443.95,0
2026-03-19T08:25:00.000Z,443.9,443.9,441.55,441.72,0
2026-03-19T08:30:00.000Z,441.57,442.82,441.51,442,0
2026-03-19T08:35:00.000Z,442,442.6,441.08,441.08,0
2026-03-19T08:40:00.000Z,441.01,441.44,438.22,438.33,0
2026-03-19T08:45:00.000Z,438.33,439.68,437.94,439.34,0
2026-03-19T08:50:00.000Z,439.15,439.2,435.79,437.03,0
2026-03-19T08:55:00.000Z,437.02,438.5,436.97,438.07,0
2026-03-19T09:00:00.000Z,438.45,440.5,438.43,440.5,0
2026-03-19T09:05:00.000Z,440.47,440.69,439.85,439.99,0
2026-03-19T09:10:00.000Z,439.99,441.45,439.5,440.5,0
2026-03-19T09:15:00.000Z,440.97,441.88,440.43,440.55,0
2026-03-19T09:20:00.000Z,440.5,442,440.37,440.57,0
2026-03-19T09:25:00.000Z,440.96,441,438,438,0
2026-03-19T09:30:00.000Z,438.07,439.09,437.5,437.75,0
2026-03-19T09:35:00.000Z,438.2,438.53,437,437.26,0
2026-03-19T09:40:00.000Z,437.25,438.93,437,438.2,0
2026-03-19T09:45:00.000Z,438.3,440,436.71,440,0
2026-03-19T09:50:00.000Z,439.61,441.5,439.42,439.99,0
2026-03-19T09:55:00.000Z,439.99,440.43,439.03,439.97,0
2026-03-19T10:00:00.000Z,439.9,439.99,438.52,439.05,0
2026-03-19T10:05:00.000Z,438.99,440.71,438.99,440.5,0
2026-03-19T10:10:00.000Z,440.41,441.2,439,439.61,0
2026-03-19T10:15:00.000Z,439.36,439.94,438.62,439.81,0
2026-03-19T10:20:00.000Z,439.62,440,437.2,437.75,0
2026-03-19T10:25:00.000Z,437.6,437.93,436.01,436.28,0
2026-03-19T10:30:00.000Z,436.19,436.5,434.5,435.61,0
2026-03-19T10:35:00.000Z,435.94,436.22,435.43,435.91,0
2026-03-19T10:40:00.000Z,435.98,435.99,434.12,435.03,0
2026-03-19T10:45:00.000Z,435.3,435.8,434.01,434.04,0
2026-03-19T10:50:00.000Z,434.03,435.75,433.91,435.64,0
2026-03-19T10:55:00.000Z,435.64,437.14,435.18,436.3,0
2026-03-19T11:00:00.000Z,436.2,438.5,433,433.5,0
2026-03-19T11:05:00.000Z,433.45,433.99,432.4,433,0
2026-03-19T11:10:00.000Z,432.8,433.33,431.031,431.031,0
2026-03-19T11:15:00.000Z,431.01,431.58,429.99,431.24,0
2026-03-19T11:20:00.000Z,431.24,431.36,430,430.28,0
2026-03-19T11:25:00.000Z,430.28,430.34,429.5,429.86,0
2026-03-19T11:30:00.000Z,429.9,430.33,428.45,428.55,0
2026-03-19T11:35:00.000Z,428.55,429.24,427.45,429,0
2026-03-19T11:40:00.000Z,429,430.92,428.8,430.45,0
2026-03-19T11:45:00.000Z,430.45,431.32,430.2,430.25,0
2026-03-19T11:50:00.000Z,430.49,432.27,430.16,431.3,0
2026-03-19T11:55:00.000Z,431.4,433,431,433,0
2026-03-19T12:00:00.000Z,433,461.73,427.5,432.01,0
2026-03-19T12:05:00.000Z,432,461.73,431.217,433,0
2026-03-19T12:10:00.000Z,433.19,437.8405,432.51,436.7962,0
2026-03-19T12:15:00.000Z,436.5,439.5,435.44,438.8,0
2026-03-19T12:20:00.000Z,438.2047,438.963,436.31,436.44,0
2026-03-19T12:25:00.000Z,436.43,436.8,434.06,436.5,0
2026-03-19T12:30:00.000Z,436.3,437.5767,434.02,436.88,0
2026-03-19T12:35:00.000Z,437.25,439.5,436.4748,437.55,0
2026-03-19T12:40:00.000Z,437.47,442,436.7,439.35,0
2026-03-19T12:45:00.000Z,439.9,439.9,436.25,436.6,0
2026-03-19T12:50:00.000Z,436.6,437,434.75,435.51,0
2026-03-19T12:55:00.000Z,435.69,435.7,433.51,433.51,0
2026-03-19T13:00:00.000Z,433.64,434.88,431.8858,432.25,0
2026-03-19T13:05:00.000Z,432.9252,433.2,430.75,431.26,0
2026-03-19T13:10:00.000Z,431.3,433.2,431.09,431.15,0
2026-03-19T13:15:00.000Z,431.57,434.85,430.15,432.237,0
2026-03-19T13:20:00.000Z,432.25,434.25,431.5,431.8485,0
2026-03-19T13:25:00.000Z,431.85,433.5,424.15,424.63,0
2026-03-19T13:30:00.000Z,424.9700012207031,429.9800109863281,421.1099853515625,427.79998779296875,6544348
2026-03-19T13:35:00.000Z,427.7699890136719,434.5400085449219,423.80999755859375,434.5392150878906,1908652
2026-03-19T13:40:00.000Z,434.3299865722656,437.639892578125,433.10009765625,435.0299987792969,1726611
2026-03-19T13:45:00.000Z,434.9649963378906,437.44000244140625,431.489990234375,434.5450134277344,1215061
2026-03-19T13:50:00.000Z,434.45001220703125,438.989501953125,433.2820129394531,437.32501220703125,903561
2026-03-19T13:55:00.000Z,437.28399658203125,439.8999938964844,435.92999267578125,439.3399963378906,916412
2026-03-19T14:00:00.000Z,439.29998779296875,443.5,438.3800048828125,442.6700134277344,1150597
2026-03-19T14:05:00.000Z,442.55010986328125,445.6719970703125,440.6005859375,441.885009765625,1272251
2026-03-19T14:10:00.000Z,441.9599914550781,447.69000244140625,440.47100830078125,447.6600036621094,1252899
2026-03-19T14:15:00.000Z,447.610107421875,449.4100036621094,445.239990234375,445.69500732421875,1003258
2026-03-19T14:20:00.000Z,445.70001220703125,447.69000244140625,443.6210021972656,446.70001220703125,851381
2026-03-19T14:25:00.000Z,446.75,449.7900085449219,446.75,449.7149963378906,801119
2026-03-19T14:30:00.000Z,449.72900390625,455.7499084472656,448.5,455.59991455078125,1270810
2026-03-19T14:35:00.000Z,455.49200439453125,455.6700134277344,450.58380126953125,451.4849853515625,876167
2026-03-19T14:40:00.000Z,451.44000244140625,453.680908203125,451.1499938964844,452.9201965332031,629198
2026-03-19T14:45:00.000Z,452.8800048828125,456.2900085449219,452.0299987792969,456.0539855957031,607942
2026-03-19T14:50:00.000Z,456.2650146484375,457.2200012207031,453.1000061035156,453.5,837352
2026-03-19T14:55:00.000Z,453.5299987792969,453.6698913574219,450.6200866699219,450.7349853515625,645460
2026-03-19T15:00:00.000Z,450.69000244140625,450.69000244140625,448.1000061035156,449.19000244140625,710032
2026-03-19T15:05:00.000Z,449.2799987792969,450.94989013671875,446.29998779296875,446.3999938964844,745186
2026-03-19T15:10:00.000Z,446.3999938964844,447.5,445.54998779296875,447.010009765625,10039752
2026-03-19T15:15:00.000Z,446.9800109863281,447.739990234375,444.0299987792969,444.49859619140625,0
2026-03-19T15:20:00.000Z,444.4200134277344,445.9150085449219,443.6199951171875,443.7200012207031,464923
2026-03-19T15:25:00.000Z,443.7200012207031,443.7200012207031,441.6700134277344,442.30499267578125,701096
2026-03-19T15:30:00.000Z,442.2099914550781,442.6698913574219,438.55999755859375,439.118408203125,11124900
2026-03-19T15:35:00.000Z,439.1700134277344,439.67340087890625,436.9599914550781,438.8599853515625,0
2026-03-19T15:40:00.000Z,438.8500061035156,440.3299865722656,438.3534851074219,439.1300048828125,700862
2026-03-19T15:45:00.000Z,439.1400146484375,439.9800109863281,437.66009521484375,438.45001220703125,470891
2026-03-19T15:50:00.000Z,438.44000244140625,438.6000061035156,434.6000061035156,434.9549865722656,842913
2026-03-19T15:55:00.000Z,435.0199890136719,437.4100036621094,434.8909912109375,437.4049987792969,611965
2026-03-19T16:00:00.000Z,437.4100036621094,440.71990966796875,436.3999938964844,438.75,713872
2026-03-19T16:05:00.000Z,438.66009521484375,439.635986328125,438.07000732421875,438.80999755859375,354057
2026-03-19T16:10:00.000Z,438.8192138671875,438.9150085449219,435.1000061035156,436.69000244140625,558107
2026-03-19T16:15:00.000Z,436.8800048828125,439.69891357421875,436.5127868652344,439.2099914550781,403508
2026-03-19T16:20:00.000Z,439.1449890136719,439.6700134277344,437.5,438.4599914550781,336337
2026-03-19T16:25:00.000Z,438.4599914550781,440.3399963378906,438.30010986328125,439.5150146484375,352723
2026-03-19T16:30:00.000Z,439.4700012207031,441.95001220703125,438.6700134277344,441.8450012207031,519340
2026-03-19T16:35:00.000Z,441.8900146484375,443.0299987792969,440.30999755859375,443.0299987792969,492721
2026-03-19T16:40:00.000Z,443.0199890136719,444.2799072265625,442.67498779296875,444.21600341796875,508956
2026-03-19T16:45:00.000Z,444.260009765625,445.489990234375,443.6155090332031,443.7099914550781,522697
2026-03-19T16:50:00.000Z,443.75,445.2998962402344,442.3301086425781,445.2749938964844,444074
2026-03-19T16:55:00.000Z,445.239990234375,446.20001220703125,444.3399963378906,445.8399963378906,435919
2026-03-19T17:00:00.000Z,445.8399963378906,447.2499084472656,444.3599853515625,445.25,421039
2026-03-19T17:05:00.000Z,445.30499267578125,445.83990478515625,441.4200134277344,441.9800109863281,442277
2026-03-19T17:10:00.000Z,441.9259948730469,443.79998779296875,441.5000915527344,443.1400146484375,369177
2026-03-19T17:15:00.000Z,443.239990234375,444.2799072265625,442.7200012207031,443.2699890136719,296571
2026-03-19T17:20:00.000Z,443.2898864746094,444.95001220703125,442.57000732421875,444.4502868652344,263890
2026-03-19T17:25:00.000Z,444.3500061035156,445.1560974121094,443.05999755859375,443.7268981933594,279205
2026-03-19T17:30:00.000Z,443.7699890136719,445,443.6700134277344,444.6499938964844,13638191
2026-03-19T17:35:00.000Z,444.6499938964844,445.42999267578125,444.1000061035156,444.54998779296875,0
2026-03-19T17:40:00.000Z,444.489990234375,444.5899963378906,443.2200927734375,444.2890930175781,286802
2026-03-19T17:45:00.000Z,444.2359924316406,444.5199890136719,442.94000244140625,443.5299072265625,187197
2026-03-19T17:50:00.000Z,443.3949890136719,444,443.010009765625,443.5389099121094,209816
2026-03-19T17:55:00.000Z,443.4599914550781,444.8800048828125,442.3599853515625,444.3900146484375,801220
2026-03-19T18:00:00.000Z,444.29998779296875,444.6000061035156,443.05999755859375,443.5,173767
2026-03-19T18:05:00.000Z,443.6600036621094,444.5299072265625,443.1099853515625,443.2149963378906,242603
2026-03-19T18:10:00.000Z,443.2799987792969,446.635009765625,443.2500915527344,445.7349853515625,316353
2026-03-19T18:15:00.000Z,445.70001220703125,446.32000732421875,444.5400085449219,446.05499267578125,245468
2026-03-19T18:20:00.000Z,446.05499267578125,446.84991455078125,444.625,445.7099914550781,339345
2026-03-19T18:25:00.000Z,445.7401123046875,446.55999755859375,445.3399963378906,445.44000244140625,14395650
2026-03-19T18:30:00.000Z,445.3800048828125,445.6499938964844,443.8100891113281,444.2900085449219,0
2026-03-19T18:35:00.000Z,444.3299865722656,444.8599853515625,443.7699890136719,444.43499755859375,204776
2026-03-19T18:40:00.000Z,444.4609069824219,444.7900085449219,443.7200012207031,444.6460876464844,254634
2026-03-19T18:45:00.000Z,444.6300048828125,444.6510009765625,443.3299865722656,444.30499267578125,204151
2026-03-19T18:50:00.000Z,444.20001220703125,444.489990234375,442.8699951171875,443.8150939941406,270326
2026-03-19T18:55:00.000Z,443.7300109863281,446.1099853515625,442.9100036621094,445.45001220703125,367035
2026-03-19T19:00:00.000Z,445.4800109863281,447.71990966796875,445.2799987792969,446.2900085449219,549887
2026-03-19T19:05:00.000Z,446.29998779296875,450.6000061035156,446.2699890136719,449.7349853515625,718749
2026-03-19T19:10:00.000Z,449.79998779296875,452.57000732421875,449.19000244140625,451.6499938964844,676020
2026-03-19T19:15:00.000Z,451.6600036621094,453.3800048828125,450.53009033203125,453.1300048828125,537619
2026-03-19T19:20:00.000Z,452.9049987792969,453.1000061035156,451.1000061035156,452.05499267578125,436422
2026-03-19T19:25:00.000Z,452.010009765625,452.5299987792969,450.3299865722656,450.8900146484375,546207
2026-03-19T19:30:00.000Z,450.8800048828125,450.9800109863281,449.239990234375,449.4599914550781,16347460
2026-03-19T19:35:00.000Z,449.440185546875,450,447.1000061035156,448.70001220703125,0
2026-03-19T19:40:00.000Z,448.7099914550781,449.1554870605469,446.6400146484375,446.760009765625,492839
2026-03-19T19:45:00.000Z,446.7626953125,448.1055908203125,446.0199890136719,446.8999938964844,430101
2026-03-19T19:50:00.000Z,446.79998779296875,447.07000732421875,444.7300109863281,444.9800109863281,611249
2026-03-19T19:55:00.000Z,445.010009765625,445.1099853515625,444,444.239990234375,1083730
2026-03-19T20:00:00.000Z,444.21,446.92,444.01,446.847,0
2026-03-19T20:05:00.000Z,446.75,447.91,444.27,446.7,0
2026-03-19T20:10:00.000Z,446.62,446.7,444.27,446.59,0
2026-03-19T20:15:00.000Z,446.4,446.75,444.27,446.47,0
2026-03-19T20:20:00.000Z,446.5,447.89,446.4,447.7999,0
2026-03-19T20:25:00.000Z,447.75,447.77,447.04,447.37,0
2026-03-19T20:30:00.000Z,447.25,447.79,447.2,447.7402,0
2026-03-19T20:35:00.000Z,447.7,447.8,446.8453,446.9,0
2026-03-19T20:40:00.000Z,446.8,447,446.08,446.85,0
2026-03-19T20:45:00.000Z,446.85,447,446.18,446.46,0
2026-03-19T20:50:00.000Z,446.51,446.9,446.3,446.8519,0
2026-03-19T20:55:00.000Z,446.8,447.03,444.27,446.7663,0
2026-03-19T21:00:00.000Z,446.6,446.95,446.45,446.49,0
2026-03-19T21:05:00.000Z,446.41,446.75,446.3576,446.63,0
2026-03-19T21:10:00.000Z,446.63,447.3,446.5,447.3,0
2026-03-19T21:15:00.000Z,447.2623,447.3,444.27,446.8,0
2026-03-19T21:20:00.000Z,447,447.1,446.75,447.01,0
2026-03-19T21:25:00.000Z,447.01,447.01,446,446.1484,0
2026-03-19T21:30:00.000Z,446.15,446.6675,446.01,446.6675,0
2026-03-19T21:35:00.000Z,446.7,446.93,446.15,446.93,0
2026-03-19T21:40:00.000Z,446.582,446.93,446.02,446.15,0
2026-03-19T21:45:00.000Z,446.11,446.28,445.0379,445.62,0
2026-03-19T21:50:00.000Z,445.1201,445.79,445.03,445.63,0
2026-03-19T21:55:00.000Z,445.6,446.2,445.6,445.9397,0
2026-03-19T22:00:00.000Z,445.97,446.9,445.73,446.3,0
2026-03-19T22:05:00.000Z,446.3,446.8414,445.7,446.65,0
2026-03-19T22:10:00.000Z,446.67,446.87,446,446.27,0
2026-03-19T22:15:00.000Z,446.4614,446.7,446.2,446.7,0
2026-03-19T22:20:00.000Z,446.35,447.27,446.35,447.27,0
2026-03-19T22:25:00.000Z,447.14,447.31,447.14,447.22,0
2026-03-19T22:30:00.000Z,447.27,447.3,447,447.29,0
2026-03-19T22:35:00.000Z,447.2468,448,447.05,447.93,0
2026-03-19T22:40:00.000Z,447.99,448,447.05,447.05,0
2026-03-19T22:45:00.000Z,447.026,447.2,446.41,446.8,0
2026-03-19T22:50:00.000Z,446.7,447,446.7,446.88,0
2026-03-19T22:55:00.000Z,446.83,447.91,446.83,447.91,0
2026-03-19T23:00:00.000Z,447.71,447.9,447.2,447.61,0
2026-03-19T23:05:00.000Z,447.7,448.65,447.5,448.64,0
2026-03-19T23:10:00.000Z,448.5,448.5,447.6494,447.69,0
2026-03-19T23:15:00.000Z,447.7506,447.9,447,447.2,0
2026-03-19T23:20:00.000Z,447.2,447.5,446.8801,447.18,0
2026-03-19T23:25:00.000Z,446.89,447.3,446.7669,447.24,0
2026-03-19T23:30:00.000Z,447.15,447.3,446.83,447.01,0
2026-03-19T23:35:00.000Z,447,447.5,446.9,447.4181,0
2026-03-19T23:40:00.000Z,447.45,447.5,447.1,447.25,0
2026-03-19T23:45:00.000Z,447.1001,447.88,447.1001,447.78,0
2026-03-19T23:50:00.000Z,447.79,448,447.339,448,0
2026-03-19T23:55:00.000Z,447.9714,448.3,447.62,448.1007,0
2026-03-20T08:00:00.000Z,443.44,443.44,442.27,442.68,0
2026-03-20T08:05:00.000Z,442.63,446.25,442.63,446.24,0
2026-03-20T08:10:00.000Z,446.25,447.02,445.94,446.2,0
2026-03-20T08:15:00.000Z,446.17,446.27,444.99,445.37,0
2026-03-20T08:20:00.000Z,445.05,445.78,444.99,444.99,0
2026-03-20T08:25:00.000Z,444.97,445,443,443,0
2026-03-20T08:30:00.000Z,442.82,444.02,442.05,443.82,0
2026-03-20T08:35:00.000Z,444,444.5,443.53,444,0
2026-03-20T08:40:00.000Z,443.99,444.33,443.36,443.46,0
2026-03-20T08:45:00.000Z,443.44,444,443.02,444,0
2026-03-20T08:50:00.000Z,443.86,444.8,443.73,443.89,0
2026-03-20T08:55:00.000Z,443.89,443.89,443.02,443.02,0
2026-03-20T09:00:00.000Z,443.16,443.16,442.29,443,0
2026-03-20T09:05:00.000Z,442.8,443,441.86,443,0
2026-03-20T09:10:00.000Z,443,443.15,442.06,442.16,0
2026-03-20T09:15:00.000Z,442.08,442.25,441.2,441.5,0
2026-03-20T09:20:00.000Z,441.24,441.24,439.34,439.88,0
2026-03-20T09:25:00.000Z,439.72,441.18,439.72,441.02,0
2026-03-20T09:30:00.000Z,441.27,441.35,440.6,441.06,0
2026-03-20T09:35:00.000Z,441.01,441.73,441,441.25,0
2026-03-20T09:40:00.000Z,441.37,441.37,440.2,440.5,0
2026-03-20T09:45:00.000Z,440.5,440.66,439.06,439.5,0
2026-03-20T09:50:00.000Z,439.28,439.5,437.8,437.81,0
2026-03-20T09:55:00.000Z,437.76,439.5,437.67,439.49,0
2026-03-20T10:00:00.000Z,439.5,439.5,436.86,437.01,0
2026-03-20T10:05:00.000Z,436.87,437.5,433.17,435.6,0
2026-03-20T10:10:00.000Z,435.48,436.1,434.02,435.9,0
2026-03-20T10:15:00.000Z,435.8,437.37,435.75,436.51,0
2026-03-20T10:20:00.000Z,436.51,437.1,435.5,437,0
2026-03-20T10:25:00.000Z,437.01,437.5,436.8,436.8,0
2026-03-20T10:30:00.000Z,437,437.79,434.76,436.5,0
2026-03-20T10:35:00.000Z,436.6,437.97,436.6,437.77,0
2026-03-20T10:40:00.000Z,437.85,438.19,436.99,437.01,0
2026-03-20T10:45:00.000Z,437.01,437.05,436.41,436.89,0
2026-03-20T10:50:00.000Z,436.91,437.21,436.22,437,0
2026-03-20T10:55:00.000Z,436.99,438.22,436.75,438.22,0
2026-03-20T11:00:00.000Z,438.24,439.5,437.97,439.4,0
2026-03-20T11:05:00.000Z,439.29,440.44,439.25,440.2,0
2026-03-20T11:10:00.000Z,440.18,441,440.05,440.2,0
2026-03-20T11:15:00.000Z,440.2,440.65,439.92,440.2,0
2026-03-20T11:20:00.000Z,440.24,441.35,440.24,440.79,0
2026-03-20T11:25:00.000Z,440.79,441.11,440.5,440.61,0
2026-03-20T11:30:00.000Z,440.51,440.81,440.29,440.3,0
2026-03-20T11:35:00.000Z,440.49,440.49,439.11,439.41,0
2026-03-20T11:40:00.000Z,439.5,440.1,439.41,439.9,0
2026-03-20T11:45:00.000Z,439.86,439.9,438.95,439.1,0
2026-03-20T11:50:00.000Z,439.2,439.5,438.31,439.5,0
2026-03-20T11:55:00.000Z,439.6,440.69,439.6,440,0
2026-03-20T12:00:00.000Z,444.89,447.97,433.17,439.82,0
2026-03-20T12:05:00.000Z,444.27,447.69,437.1,442.94,0
2026-03-20T12:10:00.000Z,442.73,443.22,441.5001,442,0
2026-03-20T12:15:00.000Z,441.99,442.1,440.9,441.3,0
2026-03-20T12:20:00.000Z,441.8013,442.77,441.8,441.8,0
2026-03-20T12:25:00.000Z,442.2238,443.64,441.6747,443.64,0
2026-03-20T12:30:00.000Z,443.64,443.64,441.565,442.3176,0
2026-03-20T12:35:00.000Z,442.77,444.1,442.26,442.6338,0
2026-03-20T12:40:00.000Z,442.5,442.82,441.46,441.751,0
2026-03-20T12:45:00.000Z,441.83,442.68,441.6,442.5234,0
2026-03-20T12:50:00.000Z,442.5,443.39,442.4,442.43,0
2026-03-20T12:55:00.000Z,442.4,443,441.6912,442.55,0
2026-03-20T13:00:00.000Z,442.1718,442.9205,441.71,442.39,0
2026-03-20T13:05:00.000Z,442.3899,442.3899,441.1,441.4,0
2026-03-20T13:10:00.000Z,441.4,442.71,441.0912,442.6392,0
2026-03-20T13:15:00.000Z,442.5,442.9,441.5,441.7046,0
2026-03-20T13:20:00.000Z,441.75,442.65,441.4,442.45,0
2026-03-20T13:25:00.000Z,442.49,445.83,442.18,444,0
2026-03-20T13:30:00.000Z,443.9150085449219,444.25,433,439,4575376
2026-03-20T13:35:00.000Z,438.9020080566406,441.19989013671875,437.79998779296875,441,914088
2026-03-20T13:40:00.000Z,440.87939453125,449.1000061035156,440.8699951171875,447.3599853515625,1678947
2026-03-20T13:45:00.000Z,447.3599853515625,448.3800048828125,440.8345947265625,443.3999938964844,1123830
2026-03-20T13:50:00.000Z,443.3500061035156,443.4898986816406,438.5799865722656,439.5450134277344,823936
2026-03-20T13:55:00.000Z,439.5350036621094,439.864990234375,435.110107421875,437.5400085449219,938812
2026-03-20T14:00:00.000Z,437.4100036621094,437.95001220703125,434.25,436.9750061035156,858237
2026-03-20T14:05:00.000Z,437.1199951171875,438.6400146484375,435.1099853515625,436.3999938964844,1058636
2026-03-20T14:10:00.000Z,436.5299987792969,436.8800048828125,431.7099914550781,433.0799865722656,1022697
2026-03-20T14:15:00.000Z,432.9599914550781,436.04400634765625,432.79998779296875,434.79998779296875,780260
2026-03-20T14:20:00.000Z,434.9200134277344,434.9482116699219,429.3949890136719,430.68011474609375,1120730
2026-03-20T14:25:00.000Z,430.7850036621094,431.7226867675781,428.79998779296875,430.55499267578125,1027904
2026-03-20T14:30:00.000Z,430.56500244140625,433.8669128417969,430.3800048828125,433.7950134277344,692991
2026-03-20T14:35:00.000Z,433.8800048828125,434.70001220703125,431.7099914550781,433.71990966796875,605776
2026-03-20T14:40:00.000Z,433.7099914550781,433.7200012207031,430.6199951171875,431.54998779296875,592292
2026-03-20T14:45:00.000Z,431.5400085449219,431.6300048828125,428.3699951171875,429.1400146484375,794593
2026-03-20T14:50:00.000Z,429.07000732421875,429.3500061035156,425.1199951171875,425.6199951171875,1106478
2026-03-20T14:55:00.000Z,425.7099914550781,427.6099853515625,425.25860595703125,426.75,753906
2026-03-20T15:00:00.000Z,427.0199890136719,429.44000244140625,425.9032897949219,426.5150146484375,721629
2026-03-20T15:05:00.000Z,426.4549865722656,427.9100036621094,426.3800048828125,427.5350036621094,396297
2026-03-20T15:10:00.000Z,427.6099853515625,430.7898864746094,427.2401123046875,430.1650085449219,554836
2026-03-20T15:15:00.000Z,430.31988525390625,430.70001220703125,429.2900085449219,429.57501220703125,453123
2026-03-20T15:20:00.000Z,429.5000915527344,432.59991455078125,428.8500061035156,430.75,584416
2026-03-20T15:25:00.000Z,430.79998779296875,431.7900085449219,429.80999755859375,430.375,470018
2026-03-20T15:30:00.000Z,430.5080871582031,431.8500061035156,429.7807922363281,430.79998779296875,358825
2026-03-20T15:35:00.000Z,430.79998779296875,431.4800109863281,429.010009765625,429.1050109863281,341344
2026-03-20T15:40:00.000Z,429,430.30999755859375,428.8800048828125,429.5150146484375,257463
2026-03-20T15:45:00.000Z,429.6000061035156,430.4999084472656,429.0199890136719,430.2799987792969,440603
2026-03-20T15:50:00.000Z,430.19000244140625,430.8999938964844,429,430.239990234375,323018
2026-03-20T15:55:00.000Z,430.19500732421875,431.67999267578125,429.91009521484375,431.5257873535156,412883
2026-03-20T16:00:00.000Z,430.3900146484375,432.8349914550781,430.30999755859375,432.30999755859375,465264
2026-03-20T16:05:00.000Z,432.239990234375,432.239990234375,430,430.2900085449219,511751
2026-03-20T16:10:00.000Z,430.2900085449219,432.659912109375,430.010009765625,431.5357971191406,541342
2026-03-20T16:15:00.000Z,431.5899963378906,431.989990234375,429.92999267578125,430.885009765625,328446
2026-03-20T16:20:00.000Z,430.9700012207031,431.0299987792969,429.43011474609375,429.69000244140625,244955
2026-03-20T16:25:00.000Z,429.7699890136719,430.6000061035156,427.80999755859375,430.45001220703125,400679
2026-03-20T16:30:00.000Z,430.45001220703125,430.5450134277344,427.65008544921875,428.385009765625,365558
2026-03-20T16:35:00.000Z,428.5400085449219,429.70001220703125,427.8800048828125,429.2749938964844,236891
2026-03-20T16:40:00.000Z,429.239990234375,429.3599853515625,428.20001220703125,429.1700134277344,215053
2026-03-20T16:45:00.000Z,429.1549987792969,429.260009765625,427.40008544921875,428.2650146484375,298723
2026-03-20T16:50:00.000Z,428.29998779296875,428.4700012207031,427.3999938964844,427.7200012207031,364453
2026-03-20T16:55:00.000Z,427.7149963378906,429.05999755859375,427.45001220703125,428.07501220703125,206285
2026-03-20T17:00:00.000Z,428.1600036621094,428.6099853515625,427.6820068359375,428.31500244140625,178262
2026-03-20T17:05:00.000Z,428.364990234375,428.7900085449219,426.3800048828125,427.8800048828125,397903
2026-03-20T17:10:00.000Z,427.9100036621094,428.1199951171875,426.9100036621094,427,278449
2026-03-20T17:15:00.000Z,426.9649963378906,427.1199951171875,425.5,426.2300109863281,361070
2026-03-20T17:20:00.000Z,426.2925109863281,426.7699890136719,424.7799987792969,424.80999755859375,426043
2026-03-20T17:25:00.000Z,424.80999755859375,425.2998962402344,422.80010986328125,422.9599914550781,569431
2026-03-20T17:30:00.000Z,422.9649963378906,423.55999755859375,421.260009765625,422.301513671875,666403
2026-03-20T17:35:00.000Z,422.3599853515625,422.6400146484375,420.2200012207031,421.2200012207031,712024
2026-03-20T17:40:00.000Z,421.1000061035156,422.69000244140625,421,422.4634094238281,382011
2026-03-20T17:45:00.000Z,422.5799865722656,422.6099853515625,420.75,421.0199890136719,471643
2026-03-20T17:50:00.000Z,420.940185546875,422.0599060058594,420.8699951171875,420.89019775390625,433566
2026-03-20T17:55:00.000Z,420.90179443359375,422.1600036621094,420.6499938964844,421.4800109863281,398879
2026-03-20T18:00:00.000Z,421.4750061035156,421.5400085449219,419.4200134277344,419.6351013183594,889873
2026-03-20T18:05:00.000Z,419.6000061035156,420.2698974609375,418.7712097167969,419.82000732421875,502916
2026-03-20T18:10:00.000Z,419.7002868652344,422.0126953125,419.17999267578125,420.85418701171875,440802
2026-03-20T18:15:00.000Z,420.93499755859375,421.010009765625,419.3999938964844,419.82501220703125,369104
2026-03-20T18:20:00.000Z,419.8999938964844,420.1400146484375,416.7749938964844,417.69000244140625,947032
2026-03-20T18:25:00.000Z,417.69000244140625,419.8999938964844,417.69000244140625,419.80499267578125,491128
2026-03-20T18:30:00.000Z,419.8399963378906,420.7799987792969,418.17999267578125,418.9400939941406,472612
2026-03-20T18:35:00.000Z,418.94879150390625,419.497802734375,417.93060302734375,419.4700012207031,421432
2026-03-20T18:40:00.000Z,419.4750061035156,420.3900146484375,419.1400146484375,419.92999267578125,278339
2026-03-20T18:45:00.000Z,419.97198486328125,420.83990478515625,419.8800048828125,420.6199951171875,371925
2026-03-20T18:50:00.000Z,420.57000732421875,421.8399963378906,420.1300048828125,420.614990234375,390017
2026-03-20T18:55:00.000Z,420.5950012207031,421.3200988769531,420.1300048828125,420.75750732421875,336091
2026-03-20T19:00:00.000Z,420.7300109863281,422.30999755859375,419.6000061035156,419.6231994628906,488677
2026-03-20T19:05:00.000Z,419.7200012207031,419.9800109863281,418.5,419.2300109863281,506936
2026-03-20T19:10:00.000Z,419.2340087890625,420.3999938964844,418.77978515625,420.2799987792969,413216
2026-03-20T19:15:00.000Z,420.3599853515625,421.7300109863281,420.0899963378906,421.45001220703125,419168
2026-03-20T19:20:00.000Z,421.4359130859375,421.4606018066406,418.5,418.67999267578125,807651
2026-03-20T19:25:00.000Z,418.67498779296875,418.8500061035156,415.8760986328125,416.04998779296875,634651
2026-03-20T19:30:00.000Z,416.17999267578125,417.3500061035156,415.360107421875,417.2149963378906,679251
2026-03-20T19:35:00.000Z,417.25,419.3279113769531,416.7900085449219,419.010009765625,638586
2026-03-20T19:40:00.000Z,419.159912109375,419.96990966796875,418.54010009765625,419.55999755859375,709332
2026-03-20T19:45:00.000Z,419.5450134277344,420.6899108886719,417.4800109863281,417.739990234375,786017
2026-03-20T19:50:00.000Z,417.760009765625,420.0899963378906,417.2699890136719,419.17230224609375,821441
2026-03-20T19:55:00.000Z,419.18499755859375,423,419.010009765625,423,1876230
2026-03-20T20:00:00.000Z,423,423,421.1583,422.51,0
2026-03-20T20:05:00.000Z,422.68,422.9,421.65,422.14,0
2026-03-20T20:10:00.000Z,422.06,422.9,422,422.65,0
2026-03-20T20:15:00.000Z,422.4,423.1115,421.5,421.63,0
2026-03-20T20:20:00.000Z,421.8,422.9,420.2,420.88,0
2026-03-20T20:25:00.000Z,420.8004,422.9,420.8,421,0
2026-03-20T20:30:00.000Z,421.15,422.5,421,422.28,0
2026-03-20T20:35:00.000Z,422.34,422.7,421.41,421.99,0
2026-03-20T20:40:00.000Z,422,422,421.0001,421.475,0
2026-03-20T20:45:00.000Z,421.69,422.9,421.4,422.32,0
2026-03-20T20:50:00.000Z,422.32,422.55,421.8,422.2,0
2026-03-20T20:55:00.000Z,422.2,422.9,421.85,422.48,0
2026-03-20T21:00:00.000Z,422.45,422.5,421.9,422.4,0
2026-03-20T21:05:00.000Z,422.4,422.4,421.5,421.7,0
2026-03-20T21:10:00.000Z,421.7,424.31,421.5,424,0
2026-03-20T21:15:00.000Z,424.29,425.389,424,424.554,0
2026-03-20T21:20:00.000Z,424.7,426.2,424.5,425.68,0
2026-03-20T21:25:00.000Z,425.65,426.9499,425.2092,426.5,0
2026-03-20T21:30:00.000Z,426.44,426.79,425.97,426.24,0
2026-03-20T21:35:00.000Z,426.24,429.89,426,429,0
2026-03-20T21:40:00.000Z,428.9887,429,427.5,428.18,0
2026-03-20T21:45:00.000Z,428.16,428.18,427,427.8476,0
2026-03-20T21:50:00.000Z,427.94,427.94,427,427.1142,0
2026-03-20T21:55:00.000Z,427.2,427.5,422.9,427.1841,0
2026-03-20T22:00:00.000Z,427.23,428.8588,427.1,428.72,0
2026-03-20T22:05:00.000Z,428.72,429.88,428.56,429.2,0
2026-03-20T22:10:00.000Z,429.19,429.83,429,429.1,0
2026-03-20T22:15:00.000Z,429.11,429.19,427,427.4,0
2026-03-20T22:20:00.000Z,427.68,427.8,426.01,427.8,0
2026-03-20T22:25:00.000Z,427.62,428.98,427.51,428.67,0
2026-03-20T22:30:00.000Z,428.82,428.82,427.05,427.23,0
2026-03-20T22:35:00.000Z,427.2,427.5,426.8,427.5,0
2026-03-20T22:40:00.000Z,427.32,427.922,427.06,427.4,0
2026-03-20T22:45:00.000Z,427.4,427.5,427.05,427.48,0
2026-03-20T22:50:00.000Z,427.5,427.79,427.05,427.19,0
2026-03-20T22:55:00.000Z,427.18,427.21,426.5,427,0
2026-03-20T23:00:00.000Z,427.09,427.7499,426.6,427.01,0
2026-03-20T23:05:00.000Z,427.15,427.35,426.7,427.0102,0
2026-03-20T23:10:00.000Z,427.29,427.7341,426.9,427.14,0
2026-03-20T23:15:00.000Z,427.3,427.4,426.25,426.55,0
2026-03-20T23:20:00.000Z,426.6827,426.7263,426.25,426.6,0
2026-03-20T23:25:00.000Z,426.6001,426.94,426.25,426.2901,0
2026-03-20T23:30:00.000Z,426.44,426.57,426.24,426.25,0
2026-03-20T23:35:00.000Z,426.42,426.49,425.11,425.1783,0
2026-03-20T23:40:00.000Z,425.2,425.65,425,425.1201,0
2026-03-20T23:45:00.000Z,425.3,426.4499,425,425.58,0
2026-03-20T23:50:00.000Z,425.74,425.75,425,425.07,0
2026-03-20T23:55:00.000Z,425.0364,426.05,424.89,425.5005,0
2026-03-23T08:00:00.000Z,409.7,409.7,393.19,406.4,0
2026-03-23T08:05:00.000Z,406.3,409.16,406.21,407.43,0
2026-03-23T08:10:00.000Z,407.23,408.5,406.5,408.26,0
2026-03-23T08:15:00.000Z,408.39,408.5,407.1,408.19,0
2026-03-23T08:20:00.000Z,408.06,409.19,407.2,408.82,0
2026-03-23T08:25:00.000Z,408.68,409.43,407.88,408,0
2026-03-23T08:30:00.000Z,407.41,409.25,407.36,409,0
2026-03-23T08:35:00.000Z,408.83,408.88,408.01,408.4,0
2026-03-23T08:40:00.000Z,408.3,408.6,407.56,407.65,0
2026-03-23T08:45:00.000Z,407.6,408.61,407.56,408.36,0
2026-03-23T08:50:00.000Z,408.27,408.5,407.8,408,0
2026-03-23T08:55:00.000Z,407.9,408.26,407.11,407.8,0
2026-03-23T09:00:00.000Z,407.5,407.82,406.09,406.71,0
2026-03-23T09:05:00.000Z,406.71,407.77,406.51,407.43,0
2026-03-23T09:10:00.000Z,407.52,408.48,407.43,408.1,0
2026-03-23T09:15:00.000Z,408,408.6,407.77,408.1,0
2026-03-23T09:20:00.000Z,408.1,408.7,407.72,407.72,0
2026-03-23T09:25:00.000Z,407.61,408.01,407.5,407.72,0
2026-03-23T09:30:00.000Z,407.62,408.01,405.5,405.51,0
2026-03-23T09:35:00.000Z,405.93,406.19,404.66,405.5,0
2026-03-23T09:40:00.000Z,405.52,405.88,405,405.25,0
2026-03-23T09:45:00.000Z,405.25,405.92,405,405.2,0
2026-03-23T09:50:00.000Z,405.39,405.51,404.92,405.18,0
2026-03-23T09:55:00.000Z,404.9,405.1,404.21,405.1,0
2026-03-23T10:00:00.000Z,404.98,406.4,404.54,406.37,0
2026-03-23T10:05:00.000Z,406.24,407.12,405.66,406.8,0
2026-03-23T10:10:00.000Z,407,407.32,405.7,405.7,0
2026-03-23T10:15:00.000Z,405.91,406.4,405.5,405.5,0
2026-03-23T10:20:00.000Z,405.5,405.66,404.76,405.5,0
2026-03-23T10:25:00.000Z,405.5,405.61,403.85,404.21,0
2026-03-23T10:30:00.000Z,404.12,405.35,404.09,405.19,0
2026-03-23T10:35:00.000Z,405,405.57,404.16,404.55,0
2026-03-23T10:40:00.000Z,404.56,405.64,403.85,404.92,0
2026-03-23T10:45:00.000Z,405.02,405.38,404.12,404.46,0
2026-03-23T10:50:00.000Z,404.46,407.5,404.46,406,0
2026-03-23T10:55:00.000Z,405.75,406.99,405.25,406.82,0
2026-03-23T11:00:00.000Z,406.6,407.79,405.45,405.86,0
2026-03-23T11:05:00.000Z,405.63,432,405.57,429.58,0
2026-03-23T11:10:00.000Z,429.59,439.46,424.58,434.3,0
2026-03-23T11:15:00.000Z,434.61,434.71,426.67,431.42,0
2026-03-23T11:20:00.000Z,431.41,431.5,426.33,427.57,0
2026-03-23T11:25:00.000Z,427.81,430,426.1,427.35,0
2026-03-23T11:30:00.000Z,427.34,433.81,427.01,432.31,0
2026-03-23T11:35:00.000Z,432.48,433.34,429.51,430,0
2026-03-23T11:40:00.000Z,430,430.9,427.38,427.38,0
2026-03-23T11:45:00.000Z,427.5,427.5,423.11,427.06,0
2026-03-23T11:50:00.000Z,427.01,427.01,423.87,425.8,0
2026-03-23T11:55:00.000Z,425.88,425.91,417.08,419.55,0
2026-03-23T12:00:00.000Z,408.6,439.5,402.99,421.62,0
2026-03-23T12:05:00.000Z,421.62,423.23,403.21,423.18,0
2026-03-23T12:10:00.000Z,423.23,423.23,420.1,420.12,0
2026-03-23T12:15:00.000Z,420.44,426.17,420.12,426.15,0
2026-03-23T12:20:00.000Z,426.01,426.95,425.41,426.77,0
2026-03-23T12:25:00.000Z,426.5514,427.5097,425.11,426,0
2026-03-23T12:30:00.000Z,426.35,426.35,423.4103,424.1,0
2026-03-23T12:35:00.000Z,424.69,425.99,423.5,424.04,0
2026-03-23T12:40:00.000Z,424.32,427.48,423,427.1992,0
2026-03-23T12:45:00.000Z,427.27,431.39,426.3,430.15,0
2026-03-23T12:50:00.000Z,430.07,430.5,428.79,429.45,0
2026-03-23T12:55:00.000Z,429.48,430.29,428.08,429.26,0
2026-03-23T13:00:00.000Z,429.36,430.74,427.58,427.7474,0
2026-03-23T13:05:00.000Z,427.75,428.8,425.8,428.3,0
2026-03-23T13:10:00.000Z,428.3,428.8,427.23,428.39,0
2026-03-23T13:15:00.000Z,428.5,428.6,425.7,426.1,0
2026-03-23T13:20:00.000Z,426.2,428.5,425.76,428.39,0
2026-03-23T13:25:00.000Z,428.39,428.4528,425,426.55,0
2026-03-23T13:30:00.000Z,426.1449890136719,428.8800048828125,420,426.4150085449219,7117788
2026-03-23T13:35:00.000Z,426.67999267578125,426.989990234375,420.9849853515625,423.32000732421875,1233417
2026-03-23T13:40:00.000Z,423.19500732421875,423.989990234375,420.42999267578125,420.42999267578125,973207
2026-03-23T13:45:00.000Z,420.25,430.06988525390625,420.19000244140625,426.260009765625,1634961
2026-03-23T13:50:00.000Z,426.32000732421875,427.1700134277344,422.04998779296875,422.45001220703125,767548
2026-03-23T13:55:00.000Z,422.4849853515625,422.8927001953125,418.19500732421875,419.69500732421875,1191099
2026-03-23T14:00:00.000Z,419.7300109863281,420.8399963378906,416.5,417.409912109375,1118605
2026-03-23T14:05:00.000Z,417.260009765625,422.6499938964844,416.9700012207031,421.5199890136719,954923
2026-03-23T14:10:00.000Z,421.4800109863281,424.3699951171875,420.79998779296875,422.6567077636719,692501
2026-03-23T14:15:00.000Z,422.7799987792969,423.3699951171875,421,422.489990234375,594754
2026-03-23T14:20:00.000Z,422.32000732421875,426.3999938964844,421.9100036621094,425.989990234375,995055
2026-03-23T14:25:00.000Z,425.95599365234375,427.54998779296875,423.85009765625,424.3450012207031,809581
2026-03-23T14:30:00.000Z,424.1199951171875,425.489990234375,422.260009765625,423.79998779296875,655114
2026-03-23T14:35:00.000Z,423.7449951171875,424.2699890136719,421.1099853515625,422.2200012207031,590041
2026-03-23T14:40:00.000Z,422.20001220703125,423.5,421.3901062011719,422.57000732421875,542598
2026-03-23T14:45:00.000Z,422.43499755859375,423.29998779296875,420.7001037597656,421.17999267578125,402573
2026-03-23T14:50:00.000Z,421.114990234375,421.389892578125,419.6499938964844,421,491681
2026-03-23T14:55:00.000Z,421.05999755859375,421.2799987792969,419.4200134277344,419.7650146484375,398052
2026-03-23T15:00:00.000Z,419.8299865722656,419.989990234375,418.8699951171875,419.49749755859375,501247
2026-03-23T15:05:00.000Z,419.4549865722656,421.32000732421875,418.30999755859375,420.8800964355469,661051
2026-03-23T15:10:00.000Z,420.8800964355469,421.29998779296875,418.20001220703125,419.010009765625,438331
2026-03-23T15:15:00.000Z,418.989990234375,419.6000061035156,418.29998779296875,419.2900085449219,357879
2026-03-23T15:20:00.000Z,419.3500061035156,419.4259948730469,416.260009765625,416.8599853515625,725467
2026-03-23T15:25:00.000Z,416.7699890136719,417.5,412.7300109863281,414.57000732421875,1121843
2026-03-23T15:30:00.000Z,414.5450134277344,416.3900146484375,413.239990234375,413.9100036621094,1055507
2026-03-23T15:35:00.000Z,414,414.0400085449219,410.3999938964844,410.9049987792969,873427
2026-03-23T15:40:00.000Z,410.8800048828125,411.80499267578125,410.30059814453125,410.30059814453125,785379
2026-03-23T15:45:00.000Z,410.29998779296875,410.5199890136719,407.25,407.9949951171875,1195894
2026-03-23T15:50:00.000Z,407.8800048828125,408.3900146484375,404.4501037597656,406.2477111816406,1134867
2026-03-23T15:55:00.000Z,406.1549987792969,406.2651062011719,402.6000061035156,403.1199951171875,1000475
2026-03-23T16:00:00.000Z,403.05999755859375,405.7699890136719,402.95001220703125,403.7001037597656,727065
2026-03-23T16:05:00.000Z,403.79998779296875,406.4700012207031,403.3949890136719,405.9949951171875,747443
2026-03-23T16:10:00.000Z,405.8800048828125,408,405.3500061035156,407.9100036621094,545487
2026-03-23T16:15:00.000Z,407.97119140625,408.20001220703125,404.7099914550781,405.0849914550781,586216
2026-03-23T16:20:00.000Z,405.20001220703125,406,404.2300109863281,404.375,483834
2026-03-23T16:25:00.000Z,404.2770080566406,404.44000244140625,401.65008544921875,401.9849853515625,837125
2026-03-23T16:30:00.000Z,401.92999267578125,405.2699890136719,401.6300048828125,404.5450134277344,563774
2026-03-23T16:35:00.000Z,404.6099853515625,405.70001220703125,404.55499267578125,405.3999938964844,386238
2026-03-23T16:40:00.000Z,405.3900146484375,405.9590148925781,404.6400146484375,405.6449890136719,317942
2026-03-23T16:45:00.000Z,405.5000915527344,406.4700012207031,404.79998779296875,405.239990234375,425365
2026-03-23T16:50:00.000Z,405.3500061035156,405.6499938964844,404,404.427490234375,367209
2026-03-23T16:55:00.000Z,404.6499938964844,404.8273010253906,402.7401123046875,403.57000732421875,360186
2026-03-23T17:00:00.000Z,403.5400085449219,404,401.5199890136719,402.1000061035156,416132
2026-03-23T17:05:00.000Z,402.1600036621094,404.739990234375,401.93011474609375,404.55999755859375,355036
2026-03-23T17:10:00.000Z,404.510009765625,404.6700134277344,402.2200927734375,402.3550109863281,322208
2026-03-23T17:15:00.000Z,402.25,404.2099914550781,402.25,403.5299987792969,252283
2026-03-23T17:20:00.000Z,403.57000732421875,403.57000732421875,401.9800109863281,402.2749938964844,348675
2026-03-23T17:25:00.000Z,402.17498779296875,404.07501220703125,402.17498779296875,403.8699951171875,252042
2026-03-23T17:30:00.000Z,403.8900146484375,406.2598876953125,403.8299865722656,405.5849914550781,409682
2026-03-23T17:35:00.000Z,405.5950012207031,406.29998779296875,404.8399963378906,405.1499938964844,407513
2026-03-23T17:40:00.000Z,404.94000244140625,405.25,403.7200012207031,404.618408203125,354353
2026-03-23T17:45:00.000Z,404.56500244140625,404.80999755859375,402.7099914550781,403.375,263597
2026-03-23T17:50:00.000Z,403.510009765625,404.54998779296875,403.3900146484375,404.135009765625,276604
2026-03-23T17:55:00.000Z,404.0899963378906,406.3299865722656,403.3700866699219,406.1099853515625,295207
2026-03-23T18:00:00.000Z,406.0201110839844,408.29998779296875,405.54998779296875,408.05499267578125,574878
2026-03-23T18:05:00.000Z,408.0799865722656,408.6300048828125,405.5,406.3500061035156,543283
2026-03-23T18:10:00.000Z,406.3500061035156,407.29998779296875,405.8500061035156,406.70001220703125,321099
2026-03-23T18:15:00.000Z,406.77508544921875,407.08990478515625,405.5,406.05499267578125,276674
2026-03-23T18:20:00.000Z,405.989990234375,406.9200134277344,405,406.4750061035156,272114
2026-03-23T18:25:00.000Z,406.5299987792969,406.89990234375,406,406.1000061035156,242323
2026-03-23T18:30:00.000Z,406.18499755859375,408.6300048828125,406.1499938964844,408.6199951171875,337161
2026-03-23T18:35:00.000Z,408.6050109863281,409.2298889160156,406.67999267578125,407.25,530137
2026-03-23T18:40:00.000Z,407.2149963378906,408,406.2604064941406,407.1099853515625,300133
2026-03-23T18:45:00.000Z,407.17999267578125,407.5899963378906,406.4700012207031,406.9800109863281,251284
2026-03-23T18:50:00.000Z,407.0400085449219,407.1099853515625,405.0899963378906,405.760009765625,382694
2026-03-23T18:55:00.000Z,405.7101135253906,405.8399963378906,404.70001220703125,405.3699951171875,316155
2026-03-23T19:00:00.000Z,405.323486328125,405.6300048828125,404.2200012207031,404.79998779296875,342724
2026-03-23T19:05:00.000Z,404.7001037597656,406.9200134277344,404.7001037597656,406.67999267578125,280586
2026-03-23T19:10:00.000Z,406.5899963378906,406.91790771484375,405.69000244140625,405.69000244140625,337819
2026-03-23T19:15:00.000Z,405.7699890136719,405.94000244140625,404.364990234375,405.7699890136719,359473
2026-03-23T19:20:00.000Z,405.68011474609375,405.9100036621094,405.10009765625,405.6099853515625,203498
2026-03-23T19:25:00.000Z,405.610107421875,406.889892578125,405.5,406.5423889160156,305907
2026-03-23T19:30:00.000Z,406.5400085449219,406.75,405.7699890136719,406.5199890136719,311785
2026-03-23T19:35:00.000Z,406.5899963378906,407.82000732421875,406.3599853515625,406.7449951171875,428674
2026-03-23T19:40:00.000Z,406.7900085449219,407.139892578125,406.04998779296875,406.69000244140625,388313
2026-03-23T19:45:00.000Z,406.70001220703125,407.16461181640625,405.7799987792969,406.0101013183594,425596
2026-03-23T19:50:00.000Z,406.1199951171875,407.7799987792969,405.6600036621094,406.0899963378906,708362
2026-03-23T19:55:00.000Z,406.2200012207031,406.42999267578125,404.2300109863281,404.2300109863281,1381396
2026-03-23T20:00:00.000Z,404.23,406.5,403.5741,404.35,0
2026-03-23T20:05:00.000Z,403.89,404.69,403.6151,404.69,0
2026-03-23T20:10:00.000Z,404.69,404.91,404.17,404.81,0
2026-03-23T20:15:00.000Z,404.35,404.99,404,404,0
2026-03-23T20:20:00.000Z,404.35,404.5,403.9,404.35,0
2026-03-23T20:25:00.000Z,404.38,404.4,404.01,404.08,0
2026-03-23T20:30:00.000Z,404.08,404.25,403.45,403.94,0
2026-03-23T20:35:00.000Z,403.99,404.8,403.95,404.4624,0
2026-03-23T20:40:00.000Z,404.5,404.8,404.5,404.72,0
2026-03-23T20:45:00.000Z,404.64,404.7,404.1,404.28,0
2026-03-23T20:50:00.000Z,404.28,404.8,404.21,404.35,0
2026-03-23T20:55:00.000Z,404.27,404.5,403.85,403.85,0
2026-03-23T21:00:00.000Z,404,404.1,403.85,404.0994,0
2026-03-23T21:05:00.000Z,404.08,404.1,403.9,403.9247,0
2026-03-23T21:10:00.000Z,403.95,404.35,395.6245,404.16,0
2026-03-23T21:15:00.000Z,404.16,404.38,404.1,404.3,0
2026-03-23T21:20:00.000Z,404.3382,404.4,404.29,404.3,0
2026-03-23T21:25:00.000Z,404.33,404.35,404,404.2402,0
2026-03-23T21:30:00.000Z,404.2401,404.25,404,404.08,0
2026-03-23T21:35:00.000Z,404.15,404.35,404,404.21,0
2026-03-23T21:40:00.000Z,404.2,404.29,404.0784,404.1,0
2026-03-23T21:45:00.000Z,404.1,404.27,404.1,404.27,0
2026-03-23T21:50:00.000Z,404.2,404.27,404.1001,404.1999,0
2026-03-23T21:55:00.000Z,404.14,404.4999,395.6245,404.35,0
2026-03-23T22:00:00.000Z,404.35,404.37,403.5,403.6,0
2026-03-23T22:05:00.000Z,403.6,404.28,403.5201,404.2227,0
2026-03-23T22:10:00.000Z,404.22,404.2715,403.94,404.25,0
2026-03-23T22:15:00.000Z,404.2,404.28,404.01,404.1321,0
2026-03-23T22:20:00.000Z,404.25,404.25,403.47,403.9,0
2026-03-23T22:25:00.000Z,403.9,404.2,403.7388,403.9899,0
2026-03-23T22:30:00.000Z,403.9888,403.9888,403.1,403.3,0
2026-03-23T22:35:00.000Z,403.39,404.14,403.02,403.83,0
2026-03-23T22:40:00.000Z,403.89,404.09,403.7001,403.95,0
2026-03-23T22:45:00.000Z,403.9989,404.15,403.83,404.08,0
2026-03-23T22:50:00.000Z,404.05,404.75,403.91,404.6,0
2026-03-23T22:55:00.000Z,404.65,405.32,404.5,405.11,0
2026-03-23T23:00:00.000Z,405.23,405.25,404.7401,404.97,0
2026-03-23T23:05:00.000Z,404.83,405,404.5,404.8,0
2026-03-23T23:10:00.000Z,404.7521,405.25,404.25,404.9,0
2026-03-23T23:15:00.000Z,404.95,404.95,404.5501,404.7525,0
2026-03-23T23:20:00.000Z,404.7004,404.9,404.5,404.5,0
2026-03-23T23:25:00.000Z,404.59,404.8,404.45,404.55,0
2026-03-23T23:30:00.000Z,404.7,404.7,404.3,404.4,0
2026-03-23T23:35:00.000Z,404.35,404.5499,404.0001,404.48,0
2026-03-23T23:40:00.000Z,404.42,404.7999,404.4001,404.65,0
2026-03-23T23:45:00.000Z,404.74,404.7999,403.8601,403.93,0
2026-03-23T23:50:00.000Z,403.93,404.35,403.6001,404.23,0
2026-03-23T23:55:00.000Z,404.1,405,403.9001,404.8,0
2026-03-24T08:00:00.000Z,406.95,409,406.68,408.6,0
2026-03-24T08:05:00.000Z,408.81,410.17,408.58,409.04,0
2026-03-24T08:10:00.000Z,409,409.3,408,408,0
2026-03-24T08:15:00.000Z,408,409.27,407.2,407.3,0
2026-03-24T08:20:00.000Z,407.1,407.74,406.64,407,0
2026-03-24T08:25:00.000Z,407,407,404.6,405.6,0
2026-03-24T08:30:00.000Z,405.5,406.27,405.32,405.6,0
2026-03-24T08:35:00.000Z,405.74,407,405.69,406.2,0
2026-03-24T08:40:00.000Z,406.48,407.63,405.79,406,0
2026-03-24T08:45:00.000Z,406.14,406.5,405.77,405.77,0
2026-03-24T08:50:00.000Z,405.71,406.06,404.81,405.03,0
2026-03-24T08:55:00.000Z,405.03,405.03,403.32,404,0
2026-03-24T09:00:00.000Z,403.81,404.5,403.3,404.11,0
2026-03-24T09:05:00.000Z,404.6,404.6,403.26,403.39,0
2026-03-24T09:10:00.000Z,403.42,403.54,401.22,401.22,0
2026-03-24T09:15:00.000Z,401.28,403.6,401.28,403.13,0
2026-03-24T09:20:00.000Z,402.8,403.2,402.5,403.1,0
2026-03-24T09:25:00.000Z,403.39,404.95,403.39,403.83,0
2026-03-24T09:30:00.000Z,403.9,403.92,402.77,402.96,0
2026-03-24T09:35:00.000Z,402.8,403.92,402.66,403.92,0
2026-03-24T09:40:00.000Z,404.47,405.3,404.47,405,0
2026-03-24T09:45:00.000Z,404.9,405.24,404.4,404.55,0
2026-03-24T09:50:00.000Z,404.5,405.89,404.31,405.72,0
2026-03-24T09:55:00.000Z,405.89,406.99,405.86,406.5,0
2026-03-24T10:00:00.000Z,406.43,406.5,405.5,406.5,0
2026-03-24T10:05:00.000Z,406.57,406.8,406.3,406.51,0
2026-03-24T10:10:00.000Z,407,407.37,406.5,407.29,0
2026-03-24T10:15:00.000Z,407.28,408.51,407.1,407.72,0
2026-03-24T10:20:00.000Z,407.5,408.68,407.1,408,0
2026-03-24T10:25:00.000Z,407.8,407.83,406.5,406.65,0
2026-03-24T10:30:00.000Z,406.62,407,405.1,405.1,0
2026-03-24T10:35:00.000Z,405.1,406.5,405.06,406.49,0
2026-03-24T10:40:00.000Z,406.5,406.98,406.31,406.66,0
2026-03-24T10:45:00.000Z,406.83,407.15,405.97,406.01,0
2026-03-24T10:50:00.000Z,406.5,406.8,406.47,406.61,0
2026-03-24T10:55:00.000Z,406.5,406.5,405.61,405.7,0
2026-03-24T11:00:00.000Z,405.61,405.61,401.59,403.92,0
2026-03-24T11:05:00.000Z,403.88,405.15,403.79,404.62,0
2026-03-24T11:10:00.000Z,404.74,405.76,404.74,405.39,0
2026-03-24T11:15:00.000Z,405.51,405.51,403.7,404.23,0
2026-03-24T11:20:00.000Z,404.1,404.54,404,404.39,0
2026-03-24T11:25:00.000Z,404.12,404.17,403.02,403.99,0
2026-03-24T11:30:00.000Z,403.93,404.01,403.6,404.01,0
2026-03-24T11:35:00.000Z,404.25,404.74,403.87,404.53,0
2026-03-24T11:40:00.000Z,404.58,404.58,403.44,403.55,0
2026-03-24T11:45:00.000Z,403.67,404.88,403.64,404.38,0
2026-03-24T11:50:00.000Z,404.38,404.5,401.51,402.21,0
2026-03-24T11:55:00.000Z,402.5,403.61,402.4,403.61,0
2026-03-24T12:00:00.000Z,405.5,410.51,398.15,402.71,0
2026-03-24T12:05:00.000Z,402.5,410.46,398.39,402.4,0
2026-03-24T12:10:00.000Z,402.66,402.87,401.599,402.49,0
2026-03-24T12:15:00.000Z,402.5,402.5,401.51,401.7437,0
2026-03-24T12:20:00.000Z,401.5586,401.99,400.75,401.53,0
2026-03-24T12:25:00.000Z,401.23,402.41,401.16,401.836,0
2026-03-24T12:30:00.000Z,402.0776,402.28,399.14,399.33,0
2026-03-24T12:35:00.000Z,399.5,400.2,398.75,399.4,0
2026-03-24T12:40:00.000Z,399.32,399.99,398.75,398.89,0
2026-03-24T12:45:00.000Z,398.8,399.84,398,398.152,0
2026-03-24T12:50:00.000Z,398.37,400.42,398.2127,400.25,0
2026-03-24T12:55:00.000Z,400.09,400.25,399.01,399.85,0
2026-03-24T13:00:00.000Z,399.8984,399.99,398.86,399.07,0
2026-03-24T13:05:00.000Z,399.11,399.5,397.26,398.43,0
2026-03-24T13:10:00.000Z,398.55,399,397.35,397.9999,0
2026-03-24T13:15:00.000Z,397.8,398.5,397.31,397.9937,0
2026-03-24T13:20:00.000Z,397.99,399.87,397.5,398.9,0
2026-03-24T13:25:00.000Z,399.41,401.62,398.5,401.45,0
2026-03-24T13:30:00.000Z,401.3399963378906,404.9800109863281,398.4119873046875,401.17999267578125,3659597
2026-03-24T13:35:00.000Z,401.07000732421875,402.3500061035156,397.510009765625,397.80999755859375,1031797
2026-03-24T13:40:00.000Z,397.94500732421875,398.1700134277344,391,391.69000244140625,1816712
2026-03-24T13:45:00.000Z,391.510009765625,393.71990966796875,390.68060302734375,392.2145080566406,1371664
2026-03-24T13:50:00.000Z,392.19500732421875,395.1098937988281,390.1700134277344,393.5799865722656,1108716
2026-03-24T13:55:00.000Z,393.5,399.3699951171875,392.70001220703125,398.04998779296875,1167280
2026-03-24T14:00:00.000Z,398.07000732421875,399.1700134277344,397.1200866699219,398.4189147949219,625216
2026-03-24T14:05:00.000Z,398.29998779296875,399.8900146484375,396.8110046386719,398.8500061035156,614599
2026-03-24T14:10:00.000Z,398.9049987792969,399.1098937988281,393.93499755859375,396.20001220703125,775149
2026-03-24T14:15:00.000Z,396.3399963378906,397.2898864746094,395.1499938964844,396.05999755859375,506078
2026-03-24T14:20:00.000Z,395.9570007324219,396.07000732421875,391,392.93499755859375,702698
2026-03-24T14:25:00.000Z,392.9200134277344,393.6000061035156,391.4700012207031,392.7749938964844,612802
2026-03-24T14:30:00.000Z,392.7099914550781,395.6000061035156,392.19500732421875,395.0299987792969,656090
2026-03-24T14:35:00.000Z,395.0899963378906,395.0899963378906,391.6600036621094,391.9849853515625,592585
2026-03-24T14:40:00.000Z,391.8999938964844,393.7900085449219,391.6900939941406,392.4750061035156,507570
2026-03-24T14:45:00.000Z,392.6899108886719,395.3999938964844,391.4100036621094,394.0050048828125,871171
2026-03-24T14:50:00.000Z,393.9649963378906,396.5498962402344,393.4800109863281,395.8500061035156,760475
2026-03-24T14:55:00.000Z,395.8900146484375,397.54998779296875,392.3399963378906,394.0799865722656,816101
2026-03-24T15:00:00.000Z,394.2049865722656,396,392.0599060058594,392.1400146484375,501301
2026-03-24T15:05:00.000Z,392.19000244140625,394.1400146484375,391.8200988769531,393.57501220703125,453262
2026-03-24T15:10:00.000Z,393.57501220703125,394.07000732421875,392.25,393.8800048828125,402067
2026-03-24T15:15:00.000Z,393.8800048828125,395.1000061035156,393.5508117675781,394.7591857910156,414803
2026-03-24T15:20:00.000Z,394.69500732421875,395.25,393.7510986328125,394.7650146484375,403485
2026-03-24T15:25:00.000Z,394.7650146484375,396.0899963378906,393.4599914550781,394.1600036621094,620832
2026-03-24T15:30:00.000Z,394.1700134277344,394.70989990234375,392.739990234375,393.8450012207031,387249
2026-03-24T15:35:00.000Z,393.79998779296875,394.6600036621094,393.4200134277344,394.36639404296875,238258
2026-03-24T15:40:00.000Z,394.3999938964844,394.7298889160156,393.010009765625,393.3800048828125,319652
2026-03-24T15:45:00.000Z,393.3800048828125,393.8200988769531,392.29998779296875,392.7950134277344,396736
2026-03-24T15:50:00.000Z,392.79998779296875,395.20001220703125,392.69000244140625,395.1199951171875,429870
2026-03-24T15:55:00.000Z,395.20001220703125,395.20001220703125,392.7099914550781,393.510009765625,364722
2026-03-24T16:00:00.000Z,393.489990234375,394.8699951171875,392.79998779296875,393.1700134277344,288203
2026-03-24T16:05:00.000Z,393.17999267578125,394.2698974609375,392.79998779296875,394.19989013671875,258768
2026-03-24T16:10:00.000Z,394.20001220703125,394.260009765625,392.85009765625,393.2799987792969,250331
2026-03-24T16:15:00.000Z,393.25,394.6300048828125,393.2099914550781,394.44500732421875,325404
2026-03-24T16:20:00.000Z,394.5098876953125,395.260009765625,394.19000244140625,394.67999267578125,323101
2026-03-24T16:25:00.000Z,394.70001220703125,394.79998779296875,393.610107421875,393.95001220703125,222111
2026-03-24T16:30:00.000Z,393.9200134277344,394.9700012207031,393.8599853515625,394.7099914550781,184485
2026-03-24T16:35:00.000Z,394.739990234375,394.8800048828125,393.57000732421875,393.94000244140625,234832
2026-03-24T16:40:00.000Z,393.94000244140625,395.2499084472656,393.739990234375,395.19000244140625,195809
2026-03-24T16:45:00.000Z,395.17498779296875,395.5400085449219,394.6000061035156,395.06500244140625,211998
2026-03-24T16:50:00.000Z,395,395.0985107421875,393.30010986328125,393.70001220703125,243310
2026-03-24T16:55:00.000Z,393.7300109863281,393.7900085449219,392.3800048828125,392.8949890136719,292363
2026-03-24T17:00:00.000Z,392.9884033203125,394.19000244140625,392.44000244140625,392.875,284755
2026-03-24T17:05:00.000Z,392.7699890136719,392.8599853515625,391.42999267578125,391.4849853515625,425887
2026-03-24T17:10:00.000Z,391.4849853515625,392.3800048828125,391.0799865722656,391.7149963378906,329479
2026-03-24T17:15:00.000Z,391.625,391.9363098144531,390.090087890625,391.1099853515625,373478
2026-03-24T17:20:00.000Z,391.1700134277344,391.58990478515625,390.6099853515625,391,304295
2026-03-24T17:25:00.000Z,391.0799865722656,391.7300109863281,390.610107421875,391.510009765625,204499
2026-03-24T17:30:00.000Z,391.6099853515625,392.010009765625,389.6400146484375,390.05999755859375,564280
2026-03-24T17:35:00.000Z,390.05999755859375,390.23760986328125,388.9100036621094,389.8999938964844,514583
2026-03-24T17:40:00.000Z,389.8900146484375,390.04998779296875,389.04998779296875,389.6358947753906,323386
2026-03-24T17:45:00.000Z,389.5400085449219,390.44000244140625,389.3299865722656,390.20001220703125,281930
2026-03-24T17:50:00.000Z,390.17999267578125,391.3500061035156,389.010009765625,391.0199890136719,378650
2026-03-24T17:55:00.000Z,390.92999267578125,392.6400146484375,390.92999267578125,391.3999938964844,423150
2026-03-24T18:00:00.000Z,391.510009765625,392.6600036621094,390.3900146484375,392.5849914550781,338369
2026-03-24T18:05:00.000Z,392.5849914550781,393.1600036621094,392.29998779296875,392.4306945800781,253886
2026-03-24T18:10:00.000Z,392.54998779296875,393.260009765625,392.20001220703125,393.0799865722656,222009
2026-03-24T18:15:00.000Z,393.0964050292969,393.19989013671875,391.8900146484375,392.760009765625,211754
2026-03-24T18:20:00.000Z,392.68499755859375,393,391.6000061035156,392.19000244140625,177564
2026-03-24T18:25:00.000Z,392.18499755859375,393.29998779296875,391.8999938964844,392.77508544921875,229147
2026-03-24T18:30:00.000Z,392.7749938964844,394.0799865722656,392.3599853515625,393.70001220703125,280613
2026-03-24T18:35:00.000Z,393.6351013183594,395.0299987792969,393.5899963378906,395,275994
2026-03-24T18:40:00.000Z,395.010009765625,395.010009765625,392.7349853515625,393.47698974609375,366595
2026-03-24T18:45:00.000Z,393.3599853515625,393.70001220703125,392.75,393.1300048828125,203289
2026-03-24T18:50:00.000Z,393.2149963378906,393.8900146484375,392.8999938964844,393.42498779296875,220040
2026-03-24T18:55:00.000Z,393.4049987792969,394.8041076660156,392.30999755859375,394.5299987792969,344405
2026-03-24T19:00:00.000Z,394.5899963378906,395.6000061035156,393.75,394.6400146484375,428316
2026-03-24T19:05:00.000Z,394.70989990234375,395.010009765625,394.1499938964844,394.510009765625,195159
2026-03-24T19:10:00.000Z,394.510009765625,395.389892578125,394.3599853515625,395.3450012207031,232742
2026-03-24T19:15:00.000Z,395.3399963378906,397.2699890136719,394.92999267578125,396.80999755859375,635040
2026-03-24T19:20:00.000Z,396.69000244140625,397.1099853515625,395.20001220703125,396.8320007324219,414530
2026-03-24T19:25:00.000Z,396.8598937988281,397.6000061035156,395.25,395.42999267578125,1060485
2026-03-24T19:30:00.000Z,395.5,397.6300048828125,394.8800048828125,397.239990234375,504609
2026-03-24T19:35:00.000Z,397.2300109863281,397.5199890136719,396.17999267578125,397.1199951171875,428413
2026-03-24T19:40:00.000Z,397.2699890136719,397.7698974609375,395.8599853515625,396.2195129394531,462304
2026-03-24T19:45:00.000Z,396.17999267578125,397.6600036621094,395.6000061035156,397.6000061035156,418784
2026-03-24T19:50:00.000Z,397.69000244140625,398.3999938964844,396.6000061035156,397.45001220703125,824415
2026-03-24T19:55:00.000Z,397.489990234375,397.89990234375,394.7349853515625,395.6600036621094,1135808
2026-03-24T20:00:00.000Z,395.53,396.6,395.05,396.45,0
2026-03-24T20:05:00.000Z,396.21,396.65,396,396.4,0
2026-03-24T20:10:00.000Z,395.53,396.54,395.53,396.05,0
2026-03-24T20:15:00.000Z,396.19,396.75,394.3175,396.52,0
2026-03-24T20:20:00.000Z,395.53,400.65,395.53,400.6,0
2026-03-24T20:25:00.000Z,400.6462,403.5,400.38,400.8,0
2026-03-24T20:30:00.000Z,400.5791,400.9,395.53,399.605,0
2026-03-24T20:35:00.000Z,399.5,402.63,399.5,402.12,0
2026-03-24T20:40:00.000Z,402.02,402.19,398.07,399.75,0
2026-03-24T20:45:00.000Z,399.52,400,397.25,398.4,0
2026-03-24T20:50:00.000Z,399.2,399.98,395.53,398.63,0
2026-03-24T20:55:00.000Z,398.8,399.7899,398.2,398.65,0
2026-03-24T21:00:00.000Z,398.4,399,397.43,398.85,0
2026-03-24T21:05:00.000Z,398.35,398.85,397.5,398.2957,0
2026-03-24T21:10:00.000Z,398.38,398.65,395.53,398.35,0
2026-03-24T21:15:00.000Z,398.31,399,398.12,398.6,0
2026-03-24T21:20:00.000Z,398.6,399.09,398.6,398.97,0
2026-03-24T21:25:00.000Z,398.85,398.97,395.53,398.8,0
2026-03-24T21:30:00.000Z,398.8,398.98,397.99,398.34,0
2026-03-24T21:35:00.000Z,398.2,398.5,397.6,398.11,0
2026-03-24T21:40:00.000Z,398.12,398.45,398.12,398.2,0
2026-03-24T21:45:00.000Z,398.25,399.96,398.25,399.9499,0
2026-03-24T21:50:00.000Z,399.8915,400,399.32,399.5,0
2026-03-24T21:55:00.000Z,399.64,399.7,399.11,399.5,0
2026-03-24T22:00:00.000Z,399.59,400.9999,399.5001,400.8329,0
2026-03-24T22:05:00.000Z,400.78,401.45,400.12,400.65,0
2026-03-24T22:10:00.000Z,400.86,401,399.5,400.05,0
2026-03-24T22:15:00.000Z,400.08,400.4727,399.5501,400.02,0
2026-03-24T22:20:00.000Z,399.7975,400.45,399.7,399.9999,0
2026-03-24T22:25:00.000Z,399.8,400,399,399.8,0
2026-03-24T22:30:00.000Z,399.8,400,399.5001,399.86,0
2026-03-24T22:35:00.000Z,399.9799,399.99,399.2001,399.33,0
2026-03-24T22:40:00.000Z,399.63,399.8,399.11,399.4389,0
2026-03-24T22:45:00.000Z,399.88,400.14,399.37,399.4194,0
2026-03-24T22:50:00.000Z,399.4,399.6,399,399.5,0
2026-03-24T22:55:00.000Z,399.479,400.4,399.1201,400.1,0
2026-03-24T23:00:00.000Z,400.02,400.4,399.2,399.2201,0
2026-03-24T23:05:00.000Z,399.2515,400.4,399.2201,400.2584,0
2026-03-24T23:10:00.000Z,400.25,400.95,400.06,400.7715,0
2026-03-24T23:15:00.000Z,400.78,401.95,400.5001,401.62,0
2026-03-24T23:20:00.000Z,401.85,401.95,401.0001,401.32,0
2026-03-24T23:25:00.000Z,401.6499,401.6499,400.42,400.54,0
2026-03-24T23:30:00.000Z,400.6,401,400.49,400.91,0
2026-03-24T23:35:00.000Z,400.9,401.4,400.5501,401.31,0
2026-03-24T23:40:00.000Z,401.35,401.7499,401,401,0
2026-03-24T23:45:00.000Z,400.95,401.2,400.68,401.2,0
2026-03-24T23:50:00.000Z,401.12,401.9099,401.0501,401.44,0
2026-03-24T23:55:00.000Z,401.48,401.79,401.2001,401.43,0
2026-03-25T08:00:00.000Z,398.26,400.01,396.8,399.13,0
2026-03-25T08:05:00.000Z,399.29,400.74,399,399.88,0
2026-03-25T08:10:00.000Z,399.88,399.89,399.02,399.89,0
2026-03-25T08:15:00.000Z,399.9,400.99,399.9,400.67,0
2026-03-25T08:20:00.000Z,400.75,401.01,399.6,400.75,0
2026-03-25T08:25:00.000Z,400.6,400.6,398.69,399.27,0
2026-03-25T08:30:00.000Z,399.2,400.63,399,400.63,0
2026-03-25T08:35:00.000Z,400.54,402.81,400.5,401.87,0
2026-03-25T08:40:00.000Z,402.5,403.23,402.02,402.46,0
2026-03-25T08:45:00.000Z,402.15,402.49,401.51,401.7,0
2026-03-25T08:50:00.000Z,401.78,402.04,401,401.01,0
2026-03-25T08:55:00.000Z,401.01,401.5,401,401.5,0
2026-03-25T09:00:00.000Z,401.5,401.67,401,401.67,0
2026-03-25T09:05:00.000Z,401.75,402.74,401.75,402.67,0
2026-03-25T09:10:00.000Z,402.64,403.77,402.58,403.01,0
2026-03-25T09:15:00.000Z,402.98,403.48,402.46,402.5,0
2026-03-25T09:20:00.000Z,402.58,402.8,401.5,401.52,0
2026-03-25T09:25:00.000Z,401.53,402.47,401.22,402.47,0
2026-03-25T09:30:00.000Z,402.49,402.96,402.1,402.23,0
2026-03-25T09:35:00.000Z,402.02,402.12,401.5,401.65,0
2026-03-25T09:40:00.000Z,401.65,401.99,401.3,401.32,0
2026-03-25T09:45:00.000Z,401.2,401.36,401,401.22,0
2026-03-25T09:50:00.000Z,401.22,401.58,401.04,401.18,0
2026-03-25T09:55:00.000Z,401.21,402,401.21,401.99,0
2026-03-25T10:00:00.000Z,401.87,402.75,401.2,401.21,0
2026-03-25T10:05:00.000Z,401.07,401.3,399.58,399.72,0
2026-03-25T10:10:00.000Z,399.74,399.87,399.35,399.48,0
2026-03-25T10:15:00.000Z,399.7,400.19,399.58,400.13,0
2026-03-25T10:20:00.000Z,400.19,400.8,399.68,399.88,0
2026-03-25T10:25:00.000Z,399.8,399.8,398.49,398.5,0
2026-03-25T10:30:00.000Z,398.47,398.47,396.81,397,0
2026-03-25T10:35:00.000Z,397.3,397.49,395.19,396,0
2026-03-25T10:40:00.000Z,395.8,396.77,393.91,394.97,0
2026-03-25T10:45:00.000Z,394.99,396.15,394.31,394.32,0
2026-03-25T10:50:00.000Z,394.59,397,394.5,396.8,0
2026-03-25T10:55:00.000Z,396.8,396.98,396,396.69,0
2026-03-25T11:00:00.000Z,396.9,398.3,396,398.2,0
2026-03-25T11:05:00.000Z,398.26,398.76,396.5,396.73,0
2026-03-25T11:10:00.000Z,396.73,396.82,395.61,396.14,0
2026-03-25T11:15:00.000Z,396.44,396.47,395.22,395.6,0
2026-03-25T11:20:00.000Z,395.58,396.94,395.28,396.7,0
2026-03-25T11:25:00.000Z,396.7,397.63,395.64,397.63,0
2026-03-25T11:30:00.000Z,397.75,397.81,396.64,396.66,0
2026-03-25T11:35:00.000Z,396.83,398.74,396.6,398.2,0
2026-03-25T11:40:00.000Z,398.24,398.35,397.21,397.74,0
2026-03-25T11:45:00.000Z,397.77,398.19,395.7,396.35,0
2026-03-25T11:50:00.000Z,396.47,396.63,395.56,396,0
2026-03-25T11:55:00.000Z,395.99,396.5,395.51,396.5,0
2026-03-25T12:00:00.000Z,400.7,403.858,393.87,397.2,0
2026-03-25T12:05:00.000Z,397.29,401.15,395.53,396.7,0
2026-03-25T12:10:00.000Z,396.7,397.2,394.6,395.5,0
2026-03-25T12:15:00.000Z,395.1,396,390.91,390.91,0
2026-03-25T12:20:00.000Z,391.52,392,389.22,391,0
2026-03-25T12:25:00.000Z,391.02,392,388.82,389.4,0
2026-03-25T12:30:00.000Z,389.3053,389.65,386.69,387.05,0
2026-03-25T12:35:00.000Z,387.308,390.52,387.11,390.2,0
2026-03-25T12:40:00.000Z,390.29,390.5,388.89,389.3,0
2026-03-25T12:45:00.000Z,389.05,391,389,390.8,0
2026-03-25T12:50:00.000Z,390.68,390.8,389,389.05,0
2026-03-25T12:55:00.000Z,389.59,390.01,385.28,386.77,0
2026-03-25T13:00:00.000Z,386.7,387.33,385.5,385.61,0
2026-03-25T13:05:00.000Z,385.75,386.27,384.1003,384.2,0
2026-03-25T13:10:00.000Z,384.2,386.31,384.04,386.1,0
2026-03-25T13:15:00.000Z,386.3,386.94,385.04,386.4,0
2026-03-25T13:20:00.000Z,386.4,387.1997,385.41,385.8937,0
2026-03-25T13:25:00.000Z,385.78,387.5,382,382.89,0
2026-03-25T13:30:00.000Z,382.760009765625,384,371.3810119628906,378,8206270
2026-03-25T13:35:00.000Z,377.95001220703125,383.71990966796875,376.4700012207031,382.82000732421875,2534321
2026-03-25T13:40:00.000Z,382.81500244140625,387,379.0299987792969,380.05999755859375,1996168
2026-03-25T13:45:00.000Z,380,380.5,377.29998779296875,377.8599853515625,1183775
2026-03-25T13:50:00.000Z,377.6400146484375,378.1698913574219,373.2099914550781,374.4800109863281,1738115
2026-03-25T13:55:00.000Z,374.4949951171875,381.19000244140625,374.4200134277344,380.96099853515625,1245862
2026-03-25T14:00:00.000Z,380.9150085449219,384.2300109863281,379.2701110839844,382.5150146484375,1091786
2026-03-25T14:05:00.000Z,382.4100036621094,383.2699890136719,381.2001037597656,382.8299865722656,731674
2026-03-25T14:10:00.000Z,382.8399963378906,383.3299865722656,380.7099914550781,383.1700134277344,657468
2026-03-25T14:15:00.000Z,383.1700134277344,386.32000732421875,381.5299987792969,386.20001220703125,904018
2026-03-25T14:20:00.000Z,386.1499938964844,388.9200134277344,385.95001220703125,387.135009765625,1453849
2026-03-25T14:25:00.000Z,387.2300109863281,388.6600036621094,382.23980712890625,383.010009765625,1035508
2026-03-25T14:30:00.000Z,383.05999755859375,384.3399963378906,380.92999267578125,381.1400146484375,721269
2026-03-25T14:35:00.000Z,381.25,383.6499938964844,380.2969970703125,382.81500244140625,921649
2026-03-25T14:40:00.000Z,382.92999267578125,383.1099853515625,380.5299987792969,382.010009765625,555048
2026-03-25T14:45:00.000Z,382.0000915527344,382.79998779296875,379.5450134277344,380.20001220703125,742650
2026-03-25T14:50:00.000Z,380.1216125488281,381.489990234375,378.67999267578125,378.75,707140
2026-03-25T14:55:00.000Z,378.9198913574219,379.4798889160156,377.8900146484375,378.9849853515625,785175
2026-03-25T15:00:00.000Z,379.05499267578125,379.1199951171875,377.2099914550781,377.7550048828125,523204
2026-03-25T15:05:00.000Z,377.8500061035156,378.3699951171875,376.54998779296875,376.6000061035156,642172
2026-03-25T15:10:00.000Z,376.7099914550781,377,375.55999755859375,376.5150146484375,842074
2026-03-25T15:15:00.000Z,376.5150146484375,377.84991455078125,373.6099853515625,374.739990234375,1296017
2026-03-25T15:20:00.000Z,374.5199890136719,377.4198913574219,374.3800048828125,377,649752
2026-03-25T15:25:00.000Z,377.010009765625,377.29998779296875,375.4599914550781,377.2099914550781,540617
2026-03-25T15:30:00.000Z,377.1600036621094,378.3299865722656,376.5,377.739990234375,569950
2026-03-25T15:35:00.000Z,377.7799987792969,378.3299865722656,375.8999938964844,376.95001220703125,468658
2026-03-25T15:40:00.000Z,376.8299865722656,378.20001220703125,376.4800109863281,378.105712890625,463131
2026-03-25T15:45:00.000Z,378.1400146484375,378.25,376.6600036621094,378.010009765625,405704
2026-03-25T15:50:00.000Z,377.91009521484375,379.3351135253906,377.91009521484375,378.4200134277344,497509
2026-03-25T15:55:00.000Z,378.43798828125,380.54998779296875,378.2300109863281,380.260009765625,499655
2026-03-25T16:00:00.000Z,380.28009033203125,380.3800048828125,378.44000244140625,379.0899963378906,383522
2026-03-25T16:05:00.000Z,379.19000244140625,381.80999755859375,378.3207092285156,381.45001220703125,603609
2026-03-25T16:10:00.000Z,381.5799865722656,381.8999938964844,380.79998779296875,381.0899963378906,411603
2026-03-25T16:15:00.000Z,380.9700012207031,381.19000244140625,379.7499084472656,380.65509033203125,287140
2026-03-25T16:20:00.000Z,380.70001220703125,382.260009765625,380.5,382.260009765625,387702
2026-03-25T16:25:00.000Z,382.2048034667969,382.70001220703125,381.1700134277344,381.4599914550781,400481
2026-03-25T16:30:00.000Z,381.4690856933594,381.6799011230469,379.6575012207031,380.55499267578125,369832
2026-03-25T16:35:00.000Z,380.4599914550781,380.4599914550781,379.55999755859375,379.80999755859375,267940
2026-03-25T16:40:00.000Z,379.8550109863281,380.0199890136719,378.41009521484375,379.2900085449219,339279
2026-03-25T16:45:00.000Z,379.22540283203125,379.7998962402344,378.20001220703125,378.7300109863281,297273
2026-03-25T16:50:00.000Z,378.7049865722656,379.5498962402344,378.30010986328125,379.2650146484375,222138
2026-03-25T16:55:00.000Z,379.2650146484375,379.7799987792969,378.6400146484375,378.760009765625,211947
2026-03-25T17:00:00.000Z,378.7300109863281,379.79998779296875,377.30010986328125,377.3900146484375,480771
2026-03-25T17:05:00.000Z,377.375,378,376.6000061035156,376.889892578125,470752
2026-03-25T17:10:00.000Z,376.7250061035156,378.864501953125,376.3999938964844,378.54998779296875,373940
2026-03-25T17:15:00.000Z,378.5,379.5299072265625,378.17999267578125,378.57501220703125,426367
2026-03-25T17:20:00.000Z,378.57501220703125,379.989990234375,378.3999938964844,379.5450134277344,298686
2026-03-25T17:25:00.000Z,379.5400085449219,380.9700012207031,379.2799987792969,380.6401062011719,408608
2026-03-25T17:30:00.000Z,380.5979919433594,382.1400146484375,379.6000061035156,381.7900085449219,443780
2026-03-25T17:35:00.000Z,381.79998779296875,383.4898986816406,381.6600036621094,383.2651062011719,417205
2026-03-25T17:40:00.000Z,383.2650146484375,384.8900146484375,383.1099853515625,383.590087890625,693544
2026-03-25T17:45:00.000Z,383.5899963378906,383.6799011230469,381.07000732421875,381.5799865722656,607439
2026-03-25T17:50:00.000Z,381.6300048828125,382,380.6099853515625,380.8399963378906,391790
2026-03-25T17:55:00.000Z,380.8399963378906,382.5,380.6099853515625,381.7699890136719,322547
2026-03-25T18:00:00.000Z,381.7200012207031,382.7799987792969,381.54998779296875,381.875,240891
2026-03-25T18:05:00.000Z,381.8789978027344,383.5498962402344,381.29998779296875,382.2300109863281,322725
2026-03-25T18:10:00.000Z,382.2099914550781,383.29998779296875,381.67999267578125,381.9549865722656,305883
2026-03-25T18:15:00.000Z,381.989990234375,382.55999755859375,381.6000061035156,382.3399963378906,304233
2026-03-25T18:20:00.000Z,382.385009765625,382.989990234375,382.10931396484375,382.8999938964844,194780
2026-03-25T18:25:00.000Z,382.8699951171875,383.31988525390625,381.35430908203125,381.80999755859375,343125
2026-03-25T18:30:00.000Z,381.8299865722656,382.5199890136719,381.5,382.30499267578125,195041
2026-03-25T18:35:00.000Z,382.3800048828125,382.64990234375,381.9209899902344,382.2200012207031,155009
2026-03-25T18:40:00.000Z,382.2850036621094,382.8500061035156,381.5199890136719,382.3699951171875,256562
2026-03-25T18:45:00.000Z,382.260009765625,382.3999938964844,381.6300048828125,382.1300048828125,181604
2026-03-25T18:50:00.000Z,382.20001220703125,382.3900146484375,380.80999755859375,381.4800109863281,221050
2026-03-25T18:55:00.000Z,381.45001220703125,381.45001220703125,379.7300109863281,380.2300109863281,343713
2026-03-25T19:00:00.000Z,380.2200012207031,380.57000732421875,379,380,424451
2026-03-25T19:05:00.000Z,379.8999938964844,380.1099853515625,377.8999938964844,378.8599853515625,457266
2026-03-25T19:10:00.000Z,378.8399963378906,379.81988525390625,378.1700134277344,379.7049865722656,359562
2026-03-25T19:15:00.000Z,379.80999755859375,380.2699890136719,379.2300109863281,380.114013671875,330990
2026-03-25T19:20:00.000Z,380.05999755859375,381.45001220703125,379.7799987792969,380.1499938964844,319493
2026-03-25T19:25:00.000Z,380.2300109863281,380.7699890136719,379.7099914550781,379.8349914550781,232524
2026-03-25T19:30:00.000Z,379.8949890136719,380.3299865722656,379.1199951171875,379.6000061035156,318538
2026-03-25T19:35:00.000Z,379.6686096191406,380.4898986816406,379.1700134277344,380.30499267578125,343161
2026-03-25T19:40:00.000Z,380.30499267578125,381.3299865722656,380.239990234375,380.5400085449219,413969
2026-03-25T19:45:00.000Z,380.4100036621094,381.7698974609375,380.30999755859375,381.3500061035156,377174
2026-03-25T19:50:00.000Z,381.4800109863281,383.05999755859375,381.4800109863281,382.04998779296875,768684
2026-03-25T19:55:00.000Z,381.9100036621094,382.7200012207031,381.44000244140625,382.0899963378906,1085983
2026-03-25T20:00:00.000Z,382.09,382.75,382.02,382.49,0
2026-03-25T20:05:00.000Z,382.42,382.66,381.7,381.81,0
2026-03-25T20:10:00.000Z,381.91,382.09,381.73,381.81,0
2026-03-25T20:15:00.000Z,381.81,382.09,381.4,381.78,0
2026-03-25T20:20:00.000Z,381.7975,383,381.27,381.4,0
2026-03-25T20:25:00.000Z,381.39,381.85,380.5,380.9491,0
2026-03-25T20:30:00.000Z,380.9826,381.2,380.5,380.83,0
2026-03-25T20:35:00.000Z,380.85,381.1799,380.65,381.05,0
2026-03-25T20:40:00.000Z,381.1566,381.32,380.66,380.96,0
2026-03-25T20:45:00.000Z,381,381,380.5,380.68,0
2026-03-25T20:50:00.000Z,380.7,382.09,380.65,380.68,0
2026-03-25T20:55:00.000Z,380.7109,380.72,380.25,380.4045,0
2026-03-25T21:00:00.000Z,380.38,380.8,380.01,380.47,0
2026-03-25T21:05:00.000Z,380.32,381,380.32,380.65,0
2026-03-25T21:10:00.000Z,380.6495,405.003,380.3,380.4,0
2026-03-25T21:15:00.000Z,380.42,380.65,380.11,380.3,0
2026-03-25T21:20:00.000Z,380.4,382.09,379.1,379.2,0
2026-03-25T21:25:00.000Z,379.41,380,379.2101,379.92,0
2026-03-25T21:30:00.000Z,379.91,382.09,379.75,379.9,0
2026-03-25T21:35:00.000Z,379.9013,380.1,379.75,379.95,0
2026-03-25T21:40:00.000Z,379.935,380,379.75,379.95,0
2026-03-25T21:45:00.000Z,379.95,382.09,379.72,380,0
2026-03-25T21:50:00.000Z,380.04,380.4,379.74,379.99,0
2026-03-25T21:55:00.000Z,380,380,379.75,379.77,0
2026-03-25T22:00:00.000Z,379.7865,380,378.23,378.8,0
2026-03-25T22:05:00.000Z,378.8,379,378.06,378.294,0
2026-03-25T22:10:00.000Z,378.3,379,378.01,378.36,0
2026-03-25T22:15:00.000Z,378.5,382.09,377.53,377.7,0
2026-03-25T22:20:00.000Z,377.8,378.55,377.8,377.99,0
2026-03-25T22:25:00.000Z,377.99,378.5688,377.99,378,0
2026-03-25T22:30:00.000Z,378.03,378.9,378,378.71,0
2026-03-25T22:35:00.000Z,378.71,378.99,378.61,378.9,0
2026-03-25T22:40:00.000Z,378.91,379.5,378.71,379.5,0
2026-03-25T22:45:00.000Z,379.01,379.5,378.87,379.28,0
2026-03-25T22:50:00.000Z,379.274,379.3,378.06,378.4,0
2026-03-25T22:55:00.000Z,378.0695,379.1,377.89,377.9341,0
2026-03-25T23:00:00.000Z,377.96,378.3,377.4,377.4,0
2026-03-25T23:05:00.000Z,377.65,377.9,377.1221,377.38,0
2026-03-25T23:10:00.000Z,377.4,377.4,376.8,376.91,0
2026-03-25T23:15:00.000Z,376.88,377.38,376.52,377.38,0
2026-03-25T23:20:00.000Z,377.05,377.97,376.8,377.9,0
2026-03-25T23:25:00.000Z,377.51,378,377.02,377.02,0
2026-03-25T23:30:00.000Z,377.2,377.3941,376.5562,376.74,0
2026-03-25T23:35:00.000Z,376.7,376.99,376.25,376.48,0
2026-03-25T23:40:00.000Z,376.38,376.85,375.82,375.97,0
2026-03-25T23:45:00.000Z,375.99,376.34,375.51,376.2,0
2026-03-25T23:50:00.000Z,376,376.85,375.83,376.4,0
2026-03-25T23:55:00.000Z,376.05,376.83,376.05,376.3783,0
2026-03-26T08:00:00.000Z,373,375.21,373,374.7,0
2026-03-26T08:05:00.000Z,374.7,375,373.2,373.2,0
2026-03-26T08:10:00.000Z,373.18,373.57,371.25,371.47,0
2026-03-26T08:15:00.000Z,371.62,371.97,370.37,371,0
2026-03-26T08:20:00.000Z,371.1,371.76,370.6,370.79,0
2026-03-26T08:25:00.000Z,370.95,371.4,370.11,370.2,0
2026-03-26T08:30:00.000Z,370.22,371.8,369.5,371.58,0
2026-03-26T08:35:00.000Z,371.71,371.87,370.76,371.28,0
2026-03-26T08:40:00.000Z,371.21,373.5,371.21,372.46,0
2026-03-26T08:45:00.000Z,372.22,372.7,371.5,372,0
2026-03-26T08:50:00.000Z,372.05,373.32,372.05,373.08,0
2026-03-26T08:55:00.000Z,372.8,375,372.8,374.67,0
2026-03-26T09:00:00.000Z,374.5,374.58,372.09,372.21,0
2026-03-26T09:05:00.000Z,372.2,373.19,372.2,372.83,0
2026-03-26T09:10:00.000Z,372.51,373.77,372.41,373.11,0
2026-03-26T09:15:00.000Z,373.09,373.09,372.34,372.51,0
2026-03-26T09:20:00.000Z,372.5,373,371.71,372.3,0
2026-03-26T09:25:00.000Z,372.3,372.3,370.9,371,0
2026-03-26T09:30:00.000Z,370.88,371.41,370.1,371.32,0
2026-03-26T09:35:00.000Z,371.32,372.13,371.25,371.44,0
2026-03-26T09:40:00.000Z,371.42,371.56,370.45,371.09,0
2026-03-26T09:45:00.000Z,371.1,371.77,370.3,371.06,0
2026-03-26T09:50:00.000Z,371.06,372.51,371.06,372.4,0
2026-03-26T09:55:00.000Z,372.5,372.83,371.8,371.8,0
2026-03-26T10:00:00.000Z,371.69,371.69,370.67,371.07,0
2026-03-26T10:05:00.000Z,371.8,372.8,371.57,372.42,0
2026-03-26T10:10:00.000Z,372.5,373.28,372.1,372.6,0
2026-03-26T10:15:00.000Z,372.67,373.49,372.41,372.65,0
2026-03-26T10:20:00.000Z,372.53,373.05,372.48,372.9,0
2026-03-26T10:25:00.000Z,373.01,373.69,373,373.49,0
2026-03-26T10:30:00.000Z,373.37,373.74,373.01,373.05,0
2026-03-26T10:35:00.000Z,373.05,373.4,372.35,372.6,0
2026-03-26T10:40:00.000Z,372.42,372.65,372,372.5,0
2026-03-26T10:45:00.000Z,372.5,372.59,372.28,372.41,0
2026-03-26T10:50:00.000Z,372.39,372.99,372.17,372.99,0
2026-03-26T10:55:00.000Z,373,373.5,372.86,373.25,0
2026-03-26T11:00:00.000Z,373.34,374.3,372.2,373.84,0
2026-03-26T11:05:00.000Z,373.7,374.67,373.51,374.22,0
2026-03-26T11:10:00.000Z,374.27,374.59,373.56,373.75,0
2026-03-26T11:15:00.000Z,373.87,374.43,373.77,374.34,0
2026-03-26T11:20:00.000Z,374.25,374.95,373.45,374,0
2026-03-26T11:25:00.000Z,374,374.06,372.52,373.01,0
2026-03-26T11:30:00.000Z,373.25,373.25,372.38,373.25,0
2026-03-26T11:35:00.000Z,373.28,373.4,372.7,373.18,0
2026-03-26T11:40:00.000Z,373.07,373.17,371.5,371.8,0
2026-03-26T11:45:00.000Z,371.75,371.98,371.2,371.65,0
2026-03-26T11:50:00.000Z,371.72,372.29,370.9,371.35,0
2026-03-26T11:55:00.000Z,371.33,371.44,370.8,370.92,0
2026-03-26T12:00:00.000Z,370.8,379.19,369.2,370.3,0
2026-03-26T12:05:00.000Z,370.326,382.09,369,371.14,0
2026-03-26T12:10:00.000Z,371.01,371.5,370.5,370.98,0
2026-03-26T12:15:00.000Z,370.91,371.5,370.3,370.4608,0
2026-03-26T12:20:00.000Z,370.5,371.3676,369.88,370.78,0
2026-03-26T12:25:00.000Z,371,371.69,370.09,371,0
2026-03-26T12:30:00.000Z,371.5,371.5,369,369.16,0
2026-03-26T12:35:00.000Z,369.34,369.5,368.52,369.4111,0
2026-03-26T12:40:00.000Z,369.49,371,368.88,370.16,0
2026-03-26T12:45:00.000Z,370.1,371.36,369.52,370.27,0
2026-03-26T12:50:00.000Z,370.13,371.8,370.1,371.6612,0
2026-03-26T12:55:00.000Z,371.3,371.7588,371,371.26,0
2026-03-26T13:00:00.000Z,371.21,372.5,371,371.85,0
2026-03-26T13:05:00.000Z,371.59,371.84,370.51,371.48,0
2026-03-26T13:10:00.000Z,371.0001,372.61,370.88,371.77,0
2026-03-26T13:15:00.000Z,372.19,373.19,371.5,372.4107,0
2026-03-26T13:20:00.000Z,372.11,372.9,371.02,371.025,0
2026-03-26T13:25:00.000Z,371.01,371.01,368.2,370.0005,0
2026-03-26T13:30:00.000Z,370.0199890136719,374.1700134277344,364.69000244140625,373.8301086425781,4407657
2026-03-26T13:35:00.000Z,373.8999938964844,374.25,368.7099914550781,369.19000244140625,1192195
2026-03-26T13:40:00.000Z,369.1919860839844,369.4549865722656,365.21990966796875,368.7950134277344,1365952
2026-03-26T13:45:00.000Z,368.92999267578125,369.79998779296875,365.75,365.8743896484375,1058334
2026-03-26T13:50:00.000Z,366.07000732421875,368.36529541015625,365.4200134277344,367.6000061035156,823007
2026-03-26T13:55:00.000Z,367.6050109863281,367.7200012207031,363,364.6000061035156,1308810
2026-03-26T14:00:00.000Z,364.79998779296875,365.4700012207031,363.0899963378906,364.2200012207031,1049748
2026-03-26T14:05:00.000Z,364.1400146484375,365.80999755859375,363.82000732421875,364.80499267578125,1015857
2026-03-26T14:10:00.000Z,364.739990234375,366.7598876953125,363.70001220703125,366.4364013671875,867498
2026-03-26T14:15:00.000Z,366.45001220703125,367.90399169921875,366.04998779296875,367.04998779296875,727360
2026-03-26T14:20:00.000Z,366.9580993652344,368.239990234375,366.1600036621094,367.32000732421875,603778
2026-03-26T14:25:00.000Z,367.3599853515625,367.510009765625,364.6400146484375,364.97119140625,523305
2026-03-26T14:30:00.000Z,364.989990234375,366.8424072265625,364.8999938964844,366.7799987792969,497505
2026-03-26T14:35:00.000Z,366.9700012207031,367.57000732421875,365.5632019042969,366.3598937988281,544877
2026-03-26T14:40:00.000Z,366.2699890136719,367.3399963378906,364.4403991699219,364.7900085449219,590182
2026-03-26T14:45:00.000Z,364.7799987792969,365.2898864746094,361.6300048828125,362.4649963378906,1095841
2026-03-26T14:50:00.000Z,362.55999755859375,362.7900085449219,361.04998779296875,361.1099853515625,811248
2026-03-26T14:55:00.000Z,361.1099853515625,363.79998779296875,360.7099914550781,363.07000732421875,879430
2026-03-26T15:00:00.000Z,363,364.3699951171875,362.9501953125,364.1700134277344,501178
2026-03-26T15:05:00.000Z,364.2349853515625,365.19000244140625,363.0199890136719,363.5,493672
2026-03-26T15:10:00.000Z,363.510009765625,364.33990478515625,362.67999267578125,362.7749938964844,433837
2026-03-26T15:15:00.000Z,362.7950134277344,363.3500061035156,361.5,362.3699951171875,588291
2026-03-26T15:20:00.000Z,362.3699951171875,365.19000244140625,362.1000061035156,364.92999267578125,516413
2026-03-26T15:25:00.000Z,364.8999938964844,365.739990234375,364.3999938964844,365.57269287109375,415786
2026-03-26T15:30:00.000Z,365.4800109863281,365.5799865722656,363.7300109863281,364.05999755859375,425298
2026-03-26T15:35:00.000Z,364.05999755859375,364.7799987792969,363.6300964355469,364.6449890136719,373875
2026-03-26T15:40:00.000Z,364.5899963378906,365.6382141113281,364.2300109863281,365.3599853515625,302386
2026-03-26T15:45:00.000Z,365.4150085449219,367.2499084472656,364.8900146484375,366.7749938964844,575341
2026-03-26T15:50:00.000Z,366.7799987792969,367.3800048828125,365.8900146484375,366.0299987792969,498353
2026-03-26T15:55:00.000Z,365.9949951171875,366.7300109863281,365.4901123046875,366.4750061035156,376994
2026-03-26T16:00:00.000Z,366.4700012207031,366.8599853515625,365.760009765625,366.6050109863281,308253
2026-03-26T16:05:00.000Z,366.5899963378906,367.3999938964844,366.1600036621094,367.2300109863281,305954
2026-03-26T16:10:00.000Z,367.2200012207031,367.3399963378906,366.2300109863281,366.989990234375,369687
2026-03-26T16:15:00.000Z,366.9599914550781,367.0799865722656,365.17999267578125,365.57000732421875,412388
2026-03-26T16:20:00.000Z,365.5603942871094,365.6099853515625,364,364.1600036621094,371632
2026-03-26T16:25:00.000Z,364.1549987792969,364.5299987792969,363.3800048828125,363.614990234375,406138
2026-03-26T16:30:00.000Z,363.6451110839844,363.8634033203125,362.30499267578125,362.8837890625,414011
2026-03-26T16:35:00.000Z,362.93499755859375,363.1199035644531,362,362.1000061035156,320368
2026-03-26T16:40:00.000Z,362.1499938964844,362.29998779296875,361.6000061035156,362.1000061035156,360147
2026-03-26T16:45:00.000Z,362.1000061035156,362.2698974609375,360.1000061035156,360.7950134277344,555170
2026-03-26T16:50:00.000Z,360.8399963378906,361.7900085449219,358.6400146484375,361.7099914550781,891988
2026-03-26T16:55:00.000Z,361.739990234375,362.08599853515625,361.1000061035156,361.1000061035156,329040
2026-03-26T17:00:00.000Z,361.1499938964844,361.4800109863281,360.3500061035156,360.3949890136719,355217
2026-03-26T17:05:00.000Z,360.3949890136719,361.4198913574219,359.5299987792969,360.1300048828125,580245
2026-03-26T17:10:00.000Z,360.010009765625,360.7099914550781,359.6099853515625,359.9849853515625,316506
2026-03-26T17:15:00.000Z,359.94500732421875,360.489990234375,359.5870056152344,359.7900085449219,263516
2026-03-26T17:20:00.000Z,359.7200012207031,359.8324890136719,358.17010498046875,358.8500061035156,587152
2026-03-26T17:25:00.000Z,358.8450012207031,359.1856994628906,357.6000061035156,359.1199951171875,590404
2026-03-26T17:30:00.000Z,359.0400085449219,360.29998779296875,358.8699951171875,359.80010986328125,395146
2026-03-26T17:35:00.000Z,359.79998779296875,359.9200134277344,358.1600036621094,358.4700012207031,392576
2026-03-26T17:40:00.000Z,358.4200134277344,358.7286071777344,357.239990234375,357.31500244140625,406109
2026-03-26T17:45:00.000Z,357.31500244140625,357.739990234375,355.1099853515625,355.8453063964844,741049
2026-03-26T17:50:00.000Z,355.864990234375,356.2099914550781,354.41009521484375,354.4599914550781,886977
2026-03-26T17:55:00.000Z,354.43011474609375,355.20001220703125,354.07000732421875,354.260009765625,716990
2026-03-26T18:00:00.000Z,354.239990234375,355.239990234375,353.5899963378906,353.80999755859375,707814
2026-03-26T18:05:00.000Z,353.80499267578125,356.17498779296875,353.7099914550781,355.5700988769531,718062
2026-03-26T18:10:00.000Z,355.625,355.8800048828125,354.6300048828125,355.20001220703125,372264
2026-03-26T18:15:00.000Z,355.1700134277344,355.19989013671875,353.8599853515625,354.2900085449219,455273
2026-03-26T18:20:00.000Z,354.3799133300781,355.09991455078125,354.25,354.4100036621094,319163
2026-03-26T18:25:00.000Z,354.4599914550781,354.739990234375,352.8500061035156,352.8500061035156,454188
2026-03-26T18:30:00.000Z,352.8900146484375,353.7200012207031,352.8299865722656,353.1549987792969,474773
2026-03-26T18:35:00.000Z,353.17498779296875,353.3999938964844,351.9200134277344,353.2701110839844,646701
2026-03-26T18:40:00.000Z,353.3349914550781,353.83990478515625,352.30999755859375,352.7749938964844,390660
2026-03-26T18:45:00.000Z,352.7300109863281,353.8949890136719,352.2300109863281,353.8949890136719,430372
2026-03-26T18:50:00.000Z,353.8599853515625,355.4898986816406,353.5199890136719,355.239990234375,507933
2026-03-26T18:55:00.000Z,355.2200927734375,356.4599914550781,354.7799987792969,356.3800048828125,485041
2026-03-26T19:00:00.000Z,356.3800048828125,356.75,355.5199890136719,356.09991455078125,568801
2026-03-26T19:05:00.000Z,355.9800109863281,356.1000061035156,354.3999938964844,354.42010498046875,457677
2026-03-26T19:10:00.000Z,354.5299987792969,354.9224853515625,353.70001220703125,354.8500061035156,435619
2026-03-26T19:15:00.000Z,354.8799133300781,357.2799987792969,354.6600036621094,357.2515869140625,571768
2026-03-26T19:20:00.000Z,357.2300109863281,357.2699890136719,355.79638671875,356.2950134277344,520683
2026-03-26T19:25:00.000Z,356.3035888671875,357.3699951171875,356.05010986328125,357.2300109863281,398205
2026-03-26T19:30:00.000Z,357.3599853515625,357.8500061035156,356.1600036621094,357.07000732421875,505924
2026-03-26T19:35:00.000Z,357.1098937988281,357.79998779296875,356.6400146484375,357.5950012207031,536373
2026-03-26T19:40:00.000Z,357.55999755859375,357.6199951171875,355.67999267578125,356.2449951171875,493355
2026-03-26T19:45:00.000Z,356.2449951171875,356.3999938964844,354.70001220703125,356.0299987792969,730362
2026-03-26T19:50:00.000Z,356.05999755859375,357.5299987792969,355.70001220703125,356.61309814453125,931591
2026-03-26T19:55:00.000Z,356.614990234375,356.6650085449219,354.67999267578125,355.42999267578125,1424686
2026-03-26T20:00:00.000Z,355.43,356,353.7,354.3,0
2026-03-26T20:05:00.000Z,354.32,359.7621,354.14,355.0138,0
2026-03-26T20:10:00.000Z,355.25,358.33,354.98,357.46,0
2026-03-26T20:15:00.000Z,357.6,358.55,355.46,357.83,0
2026-03-26T20:20:00.000Z,357.68,358.81,355.46,357.5,0
2026-03-26T20:25:00.000Z,357.4328,357.94,355.46,356.93,0
2026-03-26T20:30:00.000Z,357,358.5,356.5,357.9234,0
2026-03-26T20:35:00.000Z,357.95,358.74,357.73,358.74,0
2026-03-26T20:40:00.000Z,358.66,359.88,358.45,359.09,0
2026-03-26T20:45:00.000Z,359.38,359.53,358.45,359.29,0
2026-03-26T20:50:00.000Z,359.2,359.3,355.46,358.35,0
2026-03-26T20:55:00.000Z,358.29,358.65,357.36,357.7,0
2026-03-26T21:00:00.000Z,357.8,358.5,357.62,358.28,0
2026-03-26T21:05:00.000Z,358.3,368.23,358.07,358.57,0
2026-03-26T21:10:00.000Z,358.5388,359,358.1,358.83,0
2026-03-26T21:15:00.000Z,358.7501,358.8499,355.46,358.33,0
2026-03-26T21:20:00.000Z,358.35,358.6,357.7,357.9999,0
2026-03-26T21:25:00.000Z,358,358.0362,355.46,357.35,0
2026-03-26T21:30:00.000Z,357.3,357.75,355.46,357.38,0
2026-03-26T21:35:00.000Z,357.45,357.7,357,357.7,0
2026-03-26T21:40:00.000Z,357.55,358.5,357.2955,357.7,0
2026-03-26T21:45:00.000Z,358,358,357.35,357.8,0
2026-03-26T21:50:00.000Z,357.8,358.5,342.092,358.5,0
2026-03-26T21:55:00.000Z,358.5,358.5,357.52,357.52,0
2026-03-26T22:00:00.000Z,357.52,358.35,357,358.04,0
2026-03-26T22:05:00.000Z,358.02,358.29,357.15,357.42,0
2026-03-26T22:10:00.000Z,357.2437,358.2,357.01,358,0
2026-03-26T22:15:00.000Z,357.86,358.1999,357,357.4,0
2026-03-26T22:20:00.000Z,357.4,357.99,357.2,357.4,0
2026-03-26T22:25:00.000Z,357.4,357.85,356.4,356.5,0
2026-03-26T22:30:00.000Z,356.95,357.29,356.6,356.91,0
2026-03-26T22:35:00.000Z,356.84,357.49,356.5117,357.35,0
2026-03-26T22:40:00.000Z,357.3,357.97,356.71,357.28,0
2026-03-26T22:45:00.000Z,357.13,357.45,356.6,356.6,0
2026-03-26T22:50:00.000Z,356.78,357.19,356.51,356.7,0
2026-03-26T22:55:00.000Z,356.7,357.19,356.07,356.12,0
2026-03-26T23:00:00.000Z,356.25,357,356.25,356.63,0
2026-03-26T23:05:00.000Z,356.63,357.15,356.4201,356.75,0
2026-03-26T23:10:00.000Z,356.7,356.99,356.3,356.68,0
2026-03-26T23:15:00.000Z,356.5,356.75,356.1012,356.52,0
2026-03-26T23:20:00.000Z,356.54,356.68,355.5,355.5955,0
2026-03-26T23:25:00.000Z,355.63,356,355,355.99,0
2026-03-26T23:30:00.000Z,356,356.8,355.75,356.7,0
2026-03-26T23:35:00.000Z,356.73,357.44,356.7,356.7,0
2026-03-26T23:40:00.000Z,356.72,357.41,356.22,356.78,0
2026-03-26T23:45:00.000Z,356.78,356.97,356.4,356.675,0
2026-03-26T23:50:00.000Z,356.78,357.4,356.4,356.77,0
2026-03-26T23:55:00.000Z,356.77,356.8,355.34,356.69,0
2026-03-27T08:00:00.000Z,360.5,361.84,359.8,360.6,0
2026-03-27T08:05:00.000Z,360.51,360.51,358.4,358.99,0
2026-03-27T08:10:00.000Z,358.98,359.47,358.33,358.9,0
2026-03-27T08:15:00.000Z,358.7,359.35,357.8,358.08,0
2026-03-27T08:20:00.000Z,358.12,358.77,357.56,357.94,0
2026-03-27T08:25:00.000Z,358.34,358.34,356.68,356.68,0
2026-03-27T08:30:00.000Z,356.68,357.87,356.68,357.63,0
2026-03-27T08:35:00.000Z,357.21,357.6,355.2,355.23,0
2026-03-27T08:40:00.000Z,355.4,356,354.45,355.56,0
2026-03-27T08:45:00.000Z,355.99,356.38,355,355.89,0
2026-03-27T08:50:00.000Z,355.96,356.69,355.49,356.1,0
2026-03-27T08:55:00.000Z,356.22,356.22,355.01,355.51,0
2026-03-27T09:00:00.000Z,355.6,355.79,353.8,353.93,0
2026-03-27T09:05:00.000Z,353.94,354.76,352.5,352.5,0
2026-03-27T09:10:00.000Z,352.61,353.92,351.78,353,0
2026-03-27T09:15:00.000Z,353,354.93,352.9,354.02,0
2026-03-27T09:20:00.000Z,353.99,354.3,353.35,354.14,0
2026-03-27T09:25:00.000Z,354.18,356.32,354.18,356.25,0
2026-03-27T09:30:00.000Z,356.23,356.63,355.86,355.93,0
2026-03-27T09:35:00.000Z,355.9,355.9,355.05,355.33,0
2026-03-27T09:40:00.000Z,355.2,356.08,354.66,356.08,0
2026-03-27T09:45:00.000Z,355.61,355.63,353.99,354.05,0
2026-03-27T09:50:00.000Z,354.11,354.5,353.7,353.7,0
2026-03-27T09:55:00.000Z,353.7,354.25,353.2,353.53,0
2026-03-27T10:00:00.000Z,353.12,353.48,352.41,352.99,0
2026-03-27T10:05:00.000Z,352.82,354.76,352.8,354.03,0
2026-03-27T10:10:00.000Z,354.02,354.03,353.05,353.05,0
2026-03-27T10:15:00.000Z,353.22,354.89,353.05,354.32,0
2026-03-27T10:20:00.000Z,354.32,354.32,353.1,354.02,0
2026-03-27T10:25:00.000Z,354.33,354.7,354,354.33,0
2026-03-27T10:30:00.000Z,354.34,355.3,354,354.36,0
2026-03-27T10:35:00.000Z,354.3,354.3,352.76,352.86,0
2026-03-27T10:40:00.000Z,353.12,353.46,352,352.5,0
2026-03-27T10:45:00.000Z,352.5,352.62,351.09,351.32,0
2026-03-27T10:50:00.000Z,351.24,351.86,350.52,350.61,0
2026-03-27T10:55:00.000Z,350.71,351,348.41,350.49,0
2026-03-27T11:00:00.000Z,350.51,351,347.9,348.35,0
2026-03-27T11:05:00.000Z,348.35,349.31,345.07,346.35,0
2026-03-27T11:10:00.000Z,346.4,347.89,345.78,346.05,0
2026-03-27T11:15:00.000Z,346,347.63,346,347.36,0
2026-03-27T11:20:00.000Z,347.5,348.18,346.55,346.55,0
2026-03-27T11:25:00.000Z,346.65,347.76,346.5,347.3,0
2026-03-27T11:30:00.000Z,347.22,347.46,346.4,347.1,0
2026-03-27T11:35:00.000Z,347.1,348.39,347.04,348.05,0
2026-03-27T11:40:00.000Z,348,349.27,347.7,348.5,0
2026-03-27T11:45:00.000Z,348.55,349.46,348.4,349.13,0
2026-03-27T11:50:00.000Z,349.33,350,348.82,350,0
2026-03-27T11:55:00.000Z,350,350.8,349.18,349.73,0
2026-03-27T12:00:00.000Z,357.5,368.0067,345.01,358.78,0
2026-03-27T12:05:00.000Z,361.36,367.58,348.01,349.08,0
2026-03-27T12:10:00.000Z,349,351,348.2,349.4327,0
2026-03-27T12:15:00.000Z,350,351.54,349.7,351.2,0
2026-03-27T12:20:00.000Z,350.7115,382.12,349.1,352.88,0
2026-03-27T12:25:00.000Z,352.99,353.84,352.06,353,0
2026-03-27T12:30:00.000Z,353.3,354.7,352,352.06,0
2026-03-27T12:35:00.000Z,352.37,352.79,351.01,352.49,0
2026-03-27T12:40:00.000Z,352.1259,353.99,352.0391,353.5,0
2026-03-27T12:45:00.000Z,353.5,355.5,352.63,352.99,0
2026-03-27T12:50:00.000Z,353.4,354.5,352.66,354,0
2026-03-27T12:55:00.000Z,354,354.43,353.0762,353.7,0
2026-03-27T13:00:00.000Z,353.8,353.8,352,352.9522,0
2026-03-27T13:05:00.000Z,353.1072,354.39,351.5,353.5,0
2026-03-27T13:10:00.000Z,353.5798,354.99,353,354.874,0
2026-03-27T13:15:00.000Z,354.9,357.73,354.5,356.49,0
2026-03-27T13:20:00.000Z,356.47,359.8,356.16,358.44,0
2026-03-27T13:25:00.000Z,358.21,360.65,355.08,360,0
2026-03-27T13:30:00.000Z,359.8599853515625,360,354.0600891113281,357.45989990234375,4761305
2026-03-27T13:35:00.000Z,357.5299987792969,363.3299865722656,356.54998779296875,363.1300048828125,1789995
2026-03-27T13:40:00.000Z,362.989990234375,364.4599914550781,359.70001220703125,362.8099060058594,1446166
2026-03-27T13:45:00.000Z,362.69000244140625,367.29998779296875,362.3700866699219,366.4150085449219,1366865
2026-03-27T13:50:00.000Z,366.4200134277344,366.95989990234375,360.010009765625,360.6050109863281,1276927
2026-03-27T13:55:00.000Z,360.5317077636719,360.5317077636719,357.70001220703125,359.6400146484375,970648
2026-03-27T14:00:00.000Z,359.54998779296875,361.6098937988281,359,359.43499755859375,996874
2026-03-27T14:05:00.000Z,359.43499755859375,361.1698913574219,357.5516052246094,360.0400085449219,752895
2026-03-27T14:10:00.000Z,360.0400085449219,362.989990234375,359.3999938964844,362.6199951171875,772491
2026-03-27T14:15:00.000Z,362.5350036621094,363.489990234375,361.8009948730469,363.2300109863281,708060
2026-03-27T14:20:00.000Z,363.28009033203125,363.3699951171875,360.2900085449219,361.1700134277344,575523
2026-03-27T14:25:00.000Z,361.1700134277344,362.0299072265625,360.17999267578125,360.9309997558594,373002
2026-03-27T14:30:00.000Z,360.739990234375,361.2799987792969,359.5,360.25,427497
2026-03-27T14:35:00.000Z,360.30999755859375,361.17999267578125,358.340087890625,359.17999267578125,426086
2026-03-27T14:40:00.000Z,359.1199951171875,361.239990234375,358.82000732421875,360.4700012207031,478736
2026-03-27T14:45:00.000Z,360.6499938964844,362.989990234375,359.70001220703125,362.9898986816406,646775
2026-03-27T14:50:00.000Z,362.90899658203125,364.5050048828125,362.6199951171875,363.0199890136719,682964
2026-03-27T14:55:00.000Z,362.9599914550781,364.69989013671875,362.82000732421875,363.7699890136719,448060
2026-03-27T15:00:00.000Z,363.79998779296875,364.781005859375,363.4024963378906,364.0350036621094,437002
2026-03-27T15:05:00.000Z,364,365.4100036621094,363.010009765625,364.55999755859375,619242
2026-03-27T15:10:00.000Z,364.70001220703125,366.25,364.3299865722656,364.489990234375,697410
2026-03-27T15:15:00.000Z,364.40948486328125,365.1000061035156,362.8399963378906,363.5851135253906,584942
2026-03-27T15:20:00.000Z,363.5849914550781,366.6600036621094,362.9200134277344,365.3599853515625,572470
2026-03-27T15:25:00.000Z,366.8887939453125,368.3735046386719,366.79998779296875,367.29998779296875,745590
2026-03-27T15:30:00.000Z,367.3299865722656,368.70001220703125,366.6199951171875,367.8851013183594,772825
2026-03-27T15:35:00.000Z,367.9200134277344,368.2900085449219,365.6199951171875,365.8999938964844,559154
2026-03-27T15:40:00.000Z,365.7200012207031,366.07000732421875,364.65008544921875,365.239990234375,447200
2026-03-27T15:45:00.000Z,365.260009765625,366.9200134277344,364.8200988769531,366.8999938964844,527487
2026-03-27T15:50:00.000Z,366.80999755859375,367.55999755859375,365.860107421875,366.42999267578125,499787
2026-03-27T15:55:00.000Z,366.4790954589844,367.1400146484375,366.1300964355469,366.6549987792969,300827
2026-03-27T16:00:00.000Z,366.6700134277344,367.2720031738281,365.2200927734375,366.81500244140625,411200
2026-03-27T16:05:00.000Z,366.81500244140625,366.91650390625,364.79010009765625,364.95001220703125,315957
2026-03-27T16:10:00.000Z,364.9200134277344,365.5,364.5,365.0299987792969,356355
2026-03-27T16:15:00.000Z,365.0950927734375,365.0950927734375,363.8599853515625,364.260009765625,381373
2026-03-27T16:20:00.000Z,364.1499938964844,364.5299987792969,363.6000061035156,363.79998779296875,323360
2026-03-27T16:25:00.000Z,363.81500244140625,364.33990478515625,363.32000732421875,363.8299865722656,299701
2026-03-27T16:30:00.000Z,363.80999755859375,364.3399963378906,363.29998779296875,364,283044
2026-03-27T16:35:00.000Z,363.94500732421875,364.17999267578125,362.82861328125,362.9601135253906,381767
2026-03-27T16:40:00.000Z,362.8949890136719,364.69000244140625,362.5101013183594,364.3800048828125,448226
2026-03-27T16:45:00.000Z,364.239990234375,365.5799865722656,364.0899963378906,365.3699951171875,330581
2026-03-27T16:50:00.000Z,365.1499938964844,365.4800109863281,364.6199951171875,365.1600036621094,310014
2026-03-27T16:55:00.000Z,365,365.03851318359375,364.2500915527344,364.5299987792969,187025
2026-03-27T17:00:00.000Z,364.6300048828125,364.7998962402344,363.29998779296875,363.7799987792969,263895
2026-03-27T17:05:00.000Z,363.6099853515625,364.8800048828125,362.70001220703125,364.1099853515625,259953
2026-03-27T17:10:00.000Z,364,364.1499938964844,363.25,364.010009765625,146462
2026-03-27T17:15:00.000Z,364.05499267578125,364.19000244140625,362.1700134277344,362.5400085449219,315234
2026-03-27T17:20:00.000Z,362.4700012207031,362.6499938964844,360.6300048828125,360.81500244140625,438461
2026-03-27T17:25:00.000Z,360.7099914550781,360.8099060058594,358.3500061035156,358.3500061035156,752933
2026-03-27T17:30:00.000Z,358.3800048828125,359.7799072265625,358.20001220703125,358.8550109863281,547262
2026-03-27T17:35:00.000Z,358.8200988769531,359.4800109863281,357.9100036621094,358,414356
2026-03-27T17:40:00.000Z,357.9549865722656,358.2900085449219,357.2040100097656,357.82000732421875,431459
2026-03-27T17:45:00.000Z,357.82000732421875,359.0794982910156,357.6199951171875,358.7799987792969,371126
2026-03-27T17:50:00.000Z,358.67999267578125,359.8699951171875,358.6300048828125,359.7998962402344,335354
2026-03-27T17:55:00.000Z,359.79998779296875,359.95001220703125,358.5299987792969,359.05010986328125,305813
2026-03-27T18:00:00.000Z,359.1050109863281,359.3599853515625,358.260009765625,358.4200134277344,229269
2026-03-27T18:05:00.000Z,358.489990234375,358.8500061035156,357.8999938964844,358.5400085449219,201095
2026-03-27T18:10:00.000Z,358.4750061035156,358.8599853515625,357.79998779296875,358.7200012207031,191596
2026-03-27T18:15:00.000Z,358.7200012207031,359.7699890136719,358.25,359.5299987792969,247091
2026-03-27T18:20:00.000Z,359.3699951171875,359.59991455078125,358,358.4150085449219,251215
2026-03-27T18:25:00.000Z,358.3900146484375,359.4399108886719,358.19000244140625,358.9200134277344,169066
2026-03-27T18:30:00.000Z,358.989990234375,359.1993103027344,357.82000732421875,358.1400146484375,177080
2026-03-27T18:35:00.000Z,358.1650085449219,358.33990478515625,357.29998779296875,357.9750061035156,287732
2026-03-27T18:40:00.000Z,357.9800109863281,359.3900146484375,357.7300109863281,358.5101013183594,246136
2026-03-27T18:45:00.000Z,358.6050109863281,358.8599853515625,357.45001220703125,357.5899963378906,248780
2026-03-27T18:50:00.000Z,357.3900146484375,357.989990234375,356.75,356.81500244140625,272627
2026-03-27T18:55:00.000Z,356.8999938964844,357.3550109863281,356.55999755859375,357.3299865722656,280998
2026-03-27T19:00:00.000Z,357.2650146484375,357.6300048828125,356.05999755859375,356.32501220703125,360791
2026-03-27T19:05:00.000Z,356.32501220703125,356.9100036621094,355.6199951171875,356.04998779296875,336506
2026-03-27T19:10:00.000Z,356.0299987792969,356.32000732421875,355.67010498046875,356.19989013671875,320069
2026-03-27T19:15:00.000Z,356.125,357.22540283203125,355.4700012207031,356.6549987792969,420233
2026-03-27T19:20:00.000Z,356.6549987792969,357.760009765625,356.2799987792969,357.5400085449219,366247
2026-03-27T19:25:00.000Z,357.46649169921875,357.5,355.5799865722656,356.010009765625,336571
2026-03-27T19:30:00.000Z,356.0249938964844,356.989990234375,355.6300048828125,356.9599914550781,290844
2026-03-27T19:35:00.000Z,356.9599914550781,357.42999267578125,356.60009765625,357.0151062011719,267615
2026-03-27T19:40:00.000Z,357.0150146484375,357.7900085449219,356.45001220703125,357.05999755859375,371118
2026-03-27T19:45:00.000Z,357.05999755859375,357.83990478515625,356.885009765625,357.4049987792969,365672
2026-03-27T19:50:00.000Z,357.3699951171875,357.8999938964844,356.2200012207031,357.20001220703125,537688
2026-03-27T19:55:00.000Z,357.2699890136719,357.7699890136719,356.32000732421875,357.29998779296875,1420028
2026-03-27T20:00:00.000Z,357.31,357.75,356.62,356.96,0
2026-03-27T20:05:00.000Z,357,361.0268,356.25,356.4,0
2026-03-27T20:10:00.000Z,356.3768,357.22,356.25,356.27,0
2026-03-27T20:15:00.000Z,356.3,359.5,355.8,355.81,0
2026-03-27T20:20:00.000Z,357.22,357.22,355.3,355.83,0
2026-03-27T20:25:00.000Z,355.86,356,355.1,355.33,0
2026-03-27T20:30:00.000Z,355.32,355.6,355.1097,355.33,0
2026-03-27T20:35:00.000Z,355.41,356,355.33,355.64,0
2026-03-27T20:40:00.000Z,355.65,355.89,355.3716,355.5,0
2026-03-27T20:45:00.000Z,355.59,355.89,355.1001,355.8185,0
2026-03-27T20:50:00.000Z,355.5,355.6,355.33,355.5,0
2026-03-27T20:55:00.000Z,355.6,357.22,355.4,355.487,0
2026-03-27T21:00:00.000Z,355.46,355.89,355.33,355.6,0
2026-03-27T21:05:00.000Z,355.41,355.7,354.81,354.95,0
2026-03-27T21:10:00.000Z,354.78,354.97,354.3,354.9017,0
2026-03-27T21:15:00.000Z,354.9039,357.22,354.8,355.06,0
2026-03-27T21:20:00.000Z,355,355.3,354.75,355,0
2026-03-27T21:25:00.000Z,355,355,354.8,354.92,0
2026-03-27T21:30:00.000Z,354.93,355,354.6,354.645,0
2026-03-27T21:35:00.000Z,354.6,354.99,354.54,354.99,0
2026-03-27T21:40:00.000Z,354.99,355.01,354.84,355,0
2026-03-27T21:45:00.000Z,355,355.5,354.9999,355.48,0
2026-03-27T21:50:00.000Z,355.3,355.5,354.5,354.5,0
2026-03-27T21:55:00.000Z,354.5402,354.78,353.9,354.41,0
2026-03-27T22:00:00.000Z,354.41,354.78,353.96,354.5,0
2026-03-27T22:05:00.000Z,354.15,354.15,353.53,353.85,0
2026-03-27T22:10:00.000Z,353.85,353.99,352.5219,352.9999,0
2026-03-27T22:15:00.000Z,353,353.99,352.75,352.9,0
2026-03-27T22:20:00.000Z,352.85,353,352.5,352.94,0
2026-03-27T22:25:00.000Z,352.93,353.56,352.75,353.4,0
2026-03-27T22:30:00.000Z,353.39,353.8,353.05,353.44,0
2026-03-27T22:35:00.000Z,353.25,353.5,353,353.13,0
2026-03-27T22:40:00.000Z,353.13,353.62,352.8,353.04,0
2026-03-27T22:45:00.000Z,353.04,353.15,352.5,352.52,0
2026-03-27T22:50:00.000Z,352.74,352.87,352.552,352.67,0
2026-03-27T22:55:00.000Z,352.65,353.48,352.6366,353.3,0
2026-03-27T23:00:00.000Z,353.19,353.5,352.8,353,0
2026-03-27T23:05:00.000Z,353.04,353.04,352.63,352.9,0
2026-03-27T23:10:00.000Z,352.91,353.29,352.75,353.29,0
2026-03-27T23:15:00.000Z,353.11,353.29,352.75,352.9,0
2026-03-27T23:20:00.000Z,352.9,353,352.5,352.5894,0
2026-03-27T23:25:00.000Z,352.5,353,352.5,352.8,0
2026-03-27T23:30:00.000Z,352.84,353.09,352.7,353.02,0
2026-03-27T23:35:00.000Z,353,353.2,352.8347,353.1,0
2026-03-27T23:40:00.000Z,353.19,353.2,352.7,352.79,0
2026-03-27T23:45:00.000Z,352.85,353.15,352.73,352.9,0
2026-03-27T23:50:00.000Z,352.91,353,352.7,352.7,0
2026-03-27T23:55:00.000Z,352.8,352.88,352.37,352.45,0
2026-03-30T08:00:00.000Z,356.98,358.96,353.39,355.5,0
2026-03-30T08:05:00.000Z,355.99,356.5,354.5,355.05,0
2026-03-30T08:10:00.000Z,355,357,355,356.9266,0
2026-03-30T08:15:00.000Z,356.95,358.3,356.71,357.65,0
2026-03-30T08:20:00.000Z,357.55,358.3,357.02,357.51,0
2026-03-30T08:25:00.000Z,357.6,359.2725,357.48,359,0
2026-03-30T08:30:00.000Z,358.86,361.89,358.5,361.17,0
2026-03-30T08:35:00.000Z,360.99,363.63,359.84,363.2572,0
2026-03-30T08:40:00.000Z,363.2877,363.79,362.07,362.64,0
2026-03-30T08:45:00.000Z,362.6399,363.95,362.39,363.5,0
2026-03-30T08:50:00.000Z,363.8,363.8,362.1,362.1,0
2026-03-30T08:55:00.000Z,362.1795,363.59,361.97,363.06,0
2026-03-30T09:00:00.000Z,363.21,363.41,362.5,362.8047,0
2026-03-30T09:05:00.000Z,362.8,363.9416,362.5,363.15,0
2026-03-30T09:10:00.000Z,363,363.95,362.5722,363.12,0
2026-03-30T09:15:00.000Z,363.13,363.5,361.2,362.55,0
2026-03-30T09:20:00.000Z,362.55,363.9388,362.32,362.8,0
2026-03-30T09:25:00.000Z,362.86,363.39,362.5422,363.39,0
2026-03-30T09:30:00.000Z,363.09,363.79,362.5,362.7172,0
2026-03-30T09:35:00.000Z,362.76,362.985,362.1283,362.611,0
2026-03-30T09:40:00.000Z,362.62,362.7,361.5,361.95,0
2026-03-30T09:45:00.000Z,362,362.52,361.79,362.13,0
2026-03-30T09:50:00.000Z,362,362.88,362,362.73,0
2026-03-30T09:55:00.000Z,362.6,362.88,362.23,362.61,0
2026-03-30T10:00:00.000Z,362.5,363,362.27,362.49,0
2026-03-30T10:05:00.000Z,363,363.48,362.44,363.15,0
2026-03-30T10:10:00.000Z,363.1187,363.1187,362.1,362.41,0
2026-03-30T10:15:00.000Z,362.41,363,361.57,361.97,0
2026-03-30T10:20:00.000Z,361.8626,362.5058,361.64,362,0
2026-03-30T10:25:00.000Z,361.82,362.5,361.49,361.63,0
2026-03-30T10:30:00.000Z,361.31,361.63,361,361.13,0
2026-03-30T10:35:00.000Z,361.1,361.9282,360,360.26,0
2026-03-30T10:40:00.000Z,360.26,360.4588,359.6,359.65,0
2026-03-30T10:45:00.000Z,359.61,360.5,359.08,360.13,0
2026-03-30T10:50:00.000Z,360,361.22,359.91,361,0
2026-03-30T10:55:00.000Z,361,361.04,359.8,360.14,0
2026-03-30T11:00:00.000Z,360.12,361.39,357.22,360.9072,0
2026-03-30T11:05:00.000Z,360.936,362,360.25,361.75,0
2026-03-30T11:10:00.000Z,361.99,362.5,361.19,361.71,0
2026-03-30T11:15:00.000Z,361.71,362.1581,360.44,361.4319,0
2026-03-30T11:20:00.000Z,361.47,362.8396,360.81,362.43,0
2026-03-30T11:25:00.000Z,362.34,364.5,362,364.34,0
2026-03-30T11:30:00.000Z,364.36,364.91,357.07,363.21,0
2026-03-30T11:35:00.000Z,363.41,363.9,362.51,362.9192,0
2026-03-30T11:40:00.000Z,363,363.2,362,362.48,0
2026-03-30T11:45:00.000Z,362.2295,363.5,362,363.49,0
2026-03-30T11:50:00.000Z,363.33,363.8,362.9,363.25,0
2026-03-30T11:55:00.000Z,363.25,363.25,361.55,362.36,0
2026-03-30T12:00:00.000Z,362.5,363.39,362,363.35,0
2026-03-30T12:05:00.000Z,363.3,364.68,362.9989,364.67,0
2026-03-30T12:10:00.000Z,364.45,365,363.8998,364.99,0
2026-03-30T12:15:00.000Z,365.03,366.35,364.353,365.34,0
2026-03-30T12:20:00.000Z,365.3,365.9,365,365.5,0
2026-03-30T12:25:00.000Z,365.4,366.46,365.01,365.5,0
2026-03-30T12:30:00.000Z,365.148,366.46,365.1,365.8,0
2026-03-30T12:35:00.000Z,365.8759,367,365.4,366.88,0
2026-03-30T12:40:00.000Z,366.87,367.08,365.9,366,0
2026-03-30T12:45:00.000Z,366.1422,366.3,365.3,365.905,0
2026-03-30T12:50:00.000Z,366,366.49,365.3462,366.03,0
2026-03-30T12:55:00.000Z,366.03,366.55,365.724,366.3,0
2026-03-30T13:00:00.000Z,366.36,366.95,366,366.36,0
2026-03-30T13:05:00.000Z,366.49,366.5,364.3,364.966,0
2026-03-30T13:10:00.000Z,364.99,365.25,364.5,364.8,0
2026-03-30T13:15:00.000Z,365,365.72,364.7,365.72,0
2026-03-30T13:20:00.000Z,365.73,365.9599,364.3,364.49,0
2026-03-30T13:25:00.000Z,364.37,364.37,362.34,362.55,0
2026-03-30T13:30:00.000Z,362.80999755859375,362.80999755859375,352.6400146484375,354.6698913574219,4488480
2026-03-30T13:35:00.000Z,354.489990234375,355.1400146484375,345.1499938964844,345.6300048828125,2227349
2026-03-30T13:40:00.000Z,345.5790100097656,346.70001220703125,342.6000061035156,345.0299987792969,2122228
2026-03-30T13:45:00.000Z,344.8399963378906,345.6788024902344,342.6000061035156,344.4999084472656,1421503
2026-03-30T13:50:00.000Z,344.3351135253906,346.45001220703125,342.80999755859375,343.17999267578125,1119725
2026-03-30T13:55:00.000Z,343.32000732421875,343.6700134277344,340.610107421875,343.18499755859375,1381443
2026-03-30T14:00:00.000Z,343.1300048828125,345.19000244140625,342.7300109863281,344.3900146484375,1065683
2026-03-30T14:05:00.000Z,344.474609375,345.1099853515625,342.239990234375,344.5400085449219,877100
2026-03-30T14:10:00.000Z,344.5249938964844,347.25,344.0299987792969,346.125,976756
2026-03-30T14:15:00.000Z,346.1700134277344,346.5903015136719,343.57659912109375,344.45001220703125,675835
2026-03-30T14:20:00.000Z,344.3550109863281,344.8800048828125,342.6099853515625,343.2449951171875,538903
2026-03-30T14:25:00.000Z,343.2699890136719,343.2699890136719,339.67999267578125,339.82501220703125,1025643
2026-03-30T14:30:00.000Z,339.7699890136719,342.0400085449219,339.6000061035156,339.8900146484375,754640
2026-03-30T14:35:00.000Z,340.1199951171875,340.6499938964844,337.4100036621094,340.07501220703125,1152889
2026-03-30T14:40:00.000Z,340.09539794921875,340.8900146484375,338.010009765625,339.3699951171875,778378
2026-03-30T14:45:00.000Z,339.3800048828125,341.1600036621094,338.54998779296875,339.55999755859375,956464
2026-03-30T14:50:00.000Z,339.57000732421875,340.0450134277344,337.70001220703125,339.7300109863281,765624
2026-03-30T14:55:00.000Z,339.7250061035156,340.87548828125,338.3500061035156,340.3900146484375,602159
2026-03-30T15:00:00.000Z,340.3949890136719,342.3999938964844,340.29998779296875,341.0765075683594,803912
2026-03-30T15:05:00.000Z,341.25,342.20001220703125,338.7001037597656,339.4800109863281,568622
2026-03-30T15:10:00.000Z,339.54998779296875,340,337.45001220703125,337.5658874511719,504560
2026-03-30T15:15:00.000Z,337.44000244140625,337.4798889160156,335.7200012207031,336.1050109863281,937554
2026-03-30T15:20:00.000Z,336.1300048828125,337.3699951171875,336.1199951171875,337.0299987792969,730284
2026-03-30T15:25:00.000Z,337.0423889160156,339.1199951171875,337.0423889160156,337.2650146484375,607012
2026-03-30T15:30:00.000Z,337.2417907714844,339,336.75,338.8800048828125,598008
2026-03-30T15:35:00.000Z,338.8599853515625,339.4200134277344,337.510009765625,337.6499938964844,484709
2026-03-30T15:40:00.000Z,337.6000061035156,338.5,337.07000732421875,338.0150146484375,386822
2026-03-30T15:45:00.000Z,338.0150146484375,338.2799987792969,336.6300048828125,336.80999755859375,943783
2026-03-30T15:50:00.000Z,336.9100036621094,337.33990478515625,335.4314880371094,335.68499755859375,651155
2026-03-30T15:55:00.000Z,335.6700134277344,335.7250061035156,332.8800048828125,333.260009765625,1230005
2026-03-30T16:00:00.000Z,333.32000732421875,333.5398864746094,331.1600036621094,331.5400085449219,1226913
2026-03-30T16:05:00.000Z,331.57000732421875,332,330.0299987792969,330.4800109863281,1149243
2026-03-30T16:10:00.000Z,330.4200134277344,332.5,330.25,331.7699890136719,1120042
2026-03-30T16:15:00.000Z,331.75,332.9200134277344,330.4599914550781,332.6050109863281,757760
2026-03-30T16:20:00.000Z,332.6050109863281,333.3900146484375,330.3900146484375,330.739990234375,790537
2026-03-30T16:25:00.000Z,330.79998779296875,331.0400085449219,329.2900085449219,330.1300048828125,901231
2026-03-30T16:30:00.000Z,330.19000244140625,330.6400146484375,329.760009765625,329.94000244140625,504338
2026-03-30T16:35:00.000Z,329.9150085449219,331.0299987792969,329.6499938964844,330.60198974609375,588423
2026-03-30T16:40:00.000Z,330.60198974609375,331.8399963378906,330,330.4599914550781,583804
2026-03-30T16:45:00.000Z,330.4100036621094,330.8763122558594,329.8500061035156,330.4800109863281,334333
2026-03-30T16:50:00.000Z,330.5299987792969,330.8699951171875,329.6499938964844,330.3299865722656,514980
2026-03-30T16:55:00.000Z,330.32000732421875,330.59991455078125,329.5199890136719,330.0299987792969,408266
2026-03-30T17:00:00.000Z,329.95001220703125,330.1199035644531,328.45001220703125,328.5050048828125,694330
2026-03-30T17:05:00.000Z,328.45001220703125,329.57989501953125,328.25,328.968994140625,586589
2026-03-30T17:10:00.000Z,328.989990234375,329.1698913574219,327.8800048828125,328.4049987792969,578368
2026-03-30T17:15:00.000Z,328.42498779296875,329.6365051269531,327.8800048828125,329.30999755859375,517489
2026-03-30T17:20:00.000Z,329.20001220703125,329.4200134277344,326.67999267578125,326.80999755859375,823415
2026-03-30T17:25:00.000Z,326.8299865722656,327.3634948730469,325.1099853515625,325.2850036621094,1150321
2026-03-30T17:30:00.000Z,325.2699890136719,326.6499938964844,324.7799987792969,325.93499755859375,886735
2026-03-30T17:35:00.000Z,325.989990234375,327.7149963378906,325.6700134277344,327.5249938964844,706452
2026-03-30T17:40:00.000Z,327.5799865722656,328.45001220703125,327.2073974609375,327.864990234375,583351
2026-03-30T17:45:00.000Z,327.8699951171875,328.8900146484375,327.5,328.335693359375,695717
2026-03-30T17:50:00.000Z,328.2601013183594,329.1098937988281,327.6000061035156,328.135009765625,463091
2026-03-30T17:55:00.000Z,328.1693115234375,328.64990234375,327.6499938964844,328.2950134277344,349377
2026-03-30T18:00:00.000Z,328.2200927734375,328.5379943847656,327.2001037597656,327.3500061035156,364874
2026-03-30T18:05:00.000Z,327.3500061035156,327.69989013671875,325.989990234375,326.56500244140625,551320
2026-03-30T18:10:00.000Z,326.56500244140625,327.82000732421875,326.510009765625,327.489990234375,351047
2026-03-30T18:15:00.000Z,327.489990234375,327.70001220703125,326.2300109863281,326.6639099121094,337381
2026-03-30T18:20:00.000Z,326.74798583984375,327.1499938964844,325.8299865722656,326.1099853515625,332627
2026-03-30T18:25:00.000Z,326.1050109863281,326.3599853515625,325.1900939941406,325.4649963378906,425934
2026-03-30T18:30:00.000Z,325.4649963378906,325.7084045410156,324.6499938964844,325.20001220703125,593548
2026-03-30T18:35:00.000Z,325.1600036621094,325.3800048828125,324.20001220703125,324.3450012207031,515042
2026-03-30T18:40:00.000Z,324.2699890136719,325,324.0199890136719,324.1449890136719,445192
2026-03-30T18:45:00.000Z,324.2200012207031,324.8689880371094,323.10528564453125,323.2499084472656,704363
2026-03-30T18:50:00.000Z,323.19000244140625,324.57000732421875,322.7200012207031,323.9549865722656,751880
2026-03-30T18:55:00.000Z,323.9549865722656,324.3500061035156,322.32000732421875,322.8949890136719,640776
2026-03-30T19:00:00.000Z,322.95001220703125,323.2099914550781,321.8800048828125,322.25,628239
2026-03-30T19:05:00.000Z,322.17010498046875,322.44500732421875,320.6200866699219,321.4013977050781,1648946
2026-03-30T19:10:00.000Z,321.4100036621094,322.1099853515625,320.05010986328125,320.7049865722656,878900
2026-03-30T19:15:00.000Z,320.69000244140625,321.3380126953125,320.3599853515625,320.8450012207031,715434
2026-03-30T19:20:00.000Z,320.8500061035156,321.6499938964844,319.8500061035156,320.04010009765625,691506
2026-03-30T19:25:00.000Z,320.1160888671875,320.4100036621094,318.8500061035156,319.3349914550781,1064525
2026-03-30T19:30:00.000Z,319.3699035644531,321.8599853515625,318.4200134277344,321.67999267578125,1258618
2026-03-30T19:35:00.000Z,321.760009765625,322.989990234375,320.3999938964844,321.8699951171875,1412378
2026-03-30T19:40:00.000Z,321.9200134277344,322.70001220703125,321.5899963378906,322.3988952636719,773325
2026-03-30T19:45:00.000Z,322.3599853515625,323.19000244140625,321.4100036621094,322.69000244140625,969443
2026-03-30T19:50:00.000Z,322.760009765625,323.20001220703125,320.5700988769531,322.4502868652344,1397091
2026-03-30T19:55:00.000Z,322.42498779296875,323.29998779296875,321.7560119628906,321.79998779296875,2169486
2026-03-30T20:00:00.000Z,321.8,322.6,321.21,321.4,0
2026-03-30T20:05:00.000Z,321.47,321.8,320.58,320.76,0
2026-03-30T20:10:00.000Z,320.76,321.8,320.01,320.27,0
2026-03-30T20:15:00.000Z,320.04,321.8,320,320.867,0
2026-03-30T20:20:00.000Z,320.87,321.8,320.5,320.74,0
2026-03-30T20:25:00.000Z,320.6,320.85,320.08,320.6,0
2026-03-30T20:30:00.000Z,320.674,320.789,320.3,320.4,0
2026-03-30T20:35:00.000Z,320.4,320.5,319.76,319.7799,0
2026-03-30T20:40:00.000Z,319.9,320.49,319.75,320.39,0
2026-03-30T20:45:00.000Z,320.49,321.8,320.1,320.13,0
2026-03-30T20:50:00.000Z,320.1492,321.8,320.1,320.56,0
2026-03-30T20:55:00.000Z,320.56,320.85,320.29,320.85,0
2026-03-30T21:00:00.000Z,320.84,322.72,320.5312,320.875,0
2026-03-30T21:05:00.000Z,320.8986,320.95,320.5,320.6634,0
2026-03-30T21:10:00.000Z,320.67,321,320.6,320.76,0
2026-03-30T21:15:00.000Z,320.85,320.96,320.3,320.35,0
2026-03-30T21:20:00.000Z,320.4,320.9,320.25,320.54,0
2026-03-30T21:25:00.000Z,320.53,320.7,320.2,320.4,0
2026-03-30T21:30:00.000Z,320.35,320.52,320.2,320.2,0
2026-03-30T21:35:00.000Z,320.2,320.45,320.2,320.4303,0
2026-03-30T21:40:00.000Z,320.44,321.8,319.79,319.79,0
2026-03-30T21:45:00.000Z,319.84,320.1841,319.5,319.5099,0
2026-03-30T21:50:00.000Z,319.5,319.7,319.2,319.28,0
2026-03-30T21:55:00.000Z,319.21,319.4,318.8,319.29,0
2026-03-30T22:00:00.000Z,319.11,320.47,319.11,320.47,0
2026-03-30T22:05:00.000Z,320.47,320.47,319.65,319.8,0
2026-03-30T22:10:00.000Z,319.92,320,319.07,319.57,0
2026-03-30T22:15:00.000Z,319.31,319.6,319.0701,319.25,0
2026-03-30T22:20:00.000Z,319.38,319.4,318.8,319.03,0
2026-03-30T22:25:00.000Z,319.09,321.8,318.6,318.6785,0
2026-03-30T22:30:00.000Z,318.64,318.8,318.21,318.72,0
2026-03-30T22:35:00.000Z,318.72,318.8,318.23,318.27,0
2026-03-30T22:40:00.000Z,318.39,318.48,317.7,317.79,0
2026-03-30T22:45:00.000Z,317.8,317.89,317.57,317.65,0
2026-03-30T22:50:00.000Z,317.57,318.5,317.57,317.75,0
2026-03-30T22:55:00.000Z,317.75,318.1,317.5,317.56,0
2026-03-30T23:00:00.000Z,317.57,317.6,316.8,316.8224,0
2026-03-30T23:05:00.000Z,316.85,317.18,316.57,316.57,0
2026-03-30T23:10:00.000Z,316.58,317,316.02,316.097,0
2026-03-30T23:15:00.000Z,316.05,316.64,315.8495,316.5,0
2026-03-30T23:20:00.000Z,316.5,316.85,316.38,316.79,0
2026-03-30T23:25:00.000Z,316.7387,317.29,316.6,316.8,0
2026-03-30T23:30:00.000Z,317,317,316,316.02,0
2026-03-30T23:35:00.000Z,316.01,316.17,315.25,315.34,0
2026-03-30T23:40:00.000Z,315.42,315.4357,314.27,314.3,0
2026-03-30T23:45:00.000Z,314.33,314.5,313.81,314.37,0
2026-03-30T23:50:00.000Z,314.37,314.49,314,314.29,0
2026-03-30T23:55:00.000Z,314.29,314.4,314.0003,314.11,0
2026-03-31T08:00:00.000Z,323.8032,325.39,316.75,325.39,0
2026-03-31T08:05:00.000Z,325.4137,326.3,324.63,326.29,0
2026-03-31T08:10:00.000Z,326.32,326.92,325.3,325.3,0
2026-03-31T08:15:00.000Z,325.33,327.1,325.05,327.1,0
2026-03-31T08:20:00.000Z,326.54,327,325.17,325.79,0
2026-03-31T08:25:00.000Z,325.7,325.81,323.51,323.53,0
2026-03-31T08:30:00.000Z,324,324.3,323.2313,323.86,0
2026-03-31T08:35:00.000Z,323.5,324.9,323.47,323.75,0
2026-03-31T08:40:00.000Z,323.93,324.8988,323,323.6,0
2026-03-31T08:45:00.000Z,323.4,323.44,322.6,323.4,0
2026-03-31T08:50:00.000Z,323.41,324,323.02,323.93,0
2026-03-31T08:55:00.000Z,323.57,323.9988,323.13,323.13,0
2026-03-31T09:00:00.000Z,323.47,324.3,323.1477,324.28,0
2026-03-31T09:05:00.000Z,324.27,324.9,324.1,324.8788,0
2026-03-31T09:10:00.000Z,324.42,325,324,324.87,0
2026-03-31T09:15:00.000Z,324.7,324.87,323.5,323.8,0
2026-03-31T09:20:00.000Z,324,324.51,323.52,324.29,0
2026-03-31T09:25:00.000Z,324.5,324.75,323.6955,323.89,0
2026-03-31T09:30:00.000Z,323.52,323.89,323.03,323.89,0
2026-03-31T09:35:00.000Z,323.63,324.4,323.11,323.54,0
2026-03-31T09:40:00.000Z,323.5,324.08,322.88,323.03,0
2026-03-31T09:45:00.000Z,323.03,323.9734,323,323.7,0
2026-03-31T09:50:00.000Z,323.71,323.8,323.06,323.19,0
2026-03-31T09:55:00.000Z,323.15,323.15,321.02,321.35,0
2026-03-31T10:00:00.000Z,321.3,321.95,320.5,321.4,0
2026-03-31T10:05:00.000Z,321.46,322,321.2,321.8,0
2026-03-31T10:10:00.000Z,321.35,322.31,321.15,321.99,0
2026-03-31T10:15:00.000Z,321.74,321.78,321.14,321.17,0
2026-03-31T10:20:00.000Z,321.15,321.73,320.67,321.18,0
2026-03-31T10:25:00.000Z,321.2,321.73,321,321.03,0
2026-03-31T10:30:00.000Z,321.1,321.38,319.15,319.39,0
2026-03-31T10:35:00.000Z,319.25,319.6,317.0329,317.18,0
2026-03-31T10:40:00.000Z,317.3,317.8842,316.51,317.29,0
2026-03-31T10:45:00.000Z,317.22,317.5,316.05,316.1,0
2026-03-31T10:50:00.000Z,316.12,317.8,315.76,317.63,0
2026-03-31T10:55:00.000Z,317.69,318.5,316.9,317.71,0
2026-03-31T11:00:00.000Z,317.48,321.8,315.61,316.82,0
2026-03-31T11:05:00.000Z,316.82,318,316.25,317,0
2026-03-31T11:10:00.000Z,317,320,316.55,318.68,0
2026-03-31T11:15:00.000Z,318.62,320.99,318.2,319.1,0
2026-03-31T11:20:00.000Z,318.9018,320,317.51,319,0
2026-03-31T11:25:00.000Z,318.51,321.38,318.4,319.98,0
2026-03-31T11:30:00.000Z,319.95,320.4,319,319.5,0
2026-03-31T11:35:00.000Z,319.7,320.57,319,320.41,0
2026-03-31T11:40:00.000Z,320.41,321.4461,319.95,321.39,0
2026-03-31T11:45:00.000Z,321.4893,321.49,320.12,320.77,0
2026-03-31T11:50:00.000Z,320.61,320.99,319.61,319.75,0
2026-03-31T11:55:00.000Z,319.91,320,318.01,318.6232,0
2026-03-31T12:00:00.000Z,318.54,320.8812,318.5,320.35,0
2026-03-31T12:05:00.000Z,320.4588,320.99,318.71,320.8,0
2026-03-31T12:10:00.000Z,320.676,320.68,317.85,318.0099,0
2026-03-31T12:15:00.000Z,318,318.9,316.07,318.6,0
2026-03-31T12:20:00.000Z,318.29,319,317,317.44,0
2026-03-31T12:25:00.000Z,317.43,319.33,317.25,319.14,0
2026-03-31T12:30:00.000Z,319.22,319.3,317.56,319,0
2026-03-31T12:35:00.000Z,319,321.1,318.7,320.95,0
2026-03-31T12:40:00.000Z,320.865,322.9,319.95,322.0269,0
2026-03-31T12:45:00.000Z,322.1968,322.9,321.7,322.33,0
2026-03-31T12:50:00.000Z,322.41,323.55,321.81,322.06,0
2026-03-31T12:55:00.000Z,322.06,322.36,320.02,320.6483,0
2026-03-31T13:00:00.000Z,320.6007,321.42,318.7012,319.35,0
2026-03-31T13:05:00.000Z,319.33,320,317.51,319.5,0
2026-03-31T13:10:00.000Z,319.68,320.2,319.4,319.68,0
2026-03-31T13:15:00.000Z,319.5838,320.9,319.42,320.82,0
2026-03-31T13:20:00.000Z,320.84,321.17,319.43,320.65,0
2026-03-31T13:25:00.000Z,320.51,322.27,319.37,321.88,0
2026-03-31T13:30:00.000Z,321.7250061035156,325,319,322.79998779296875,6654165
2026-03-31T13:35:00.000Z,322.8999938964844,322.989990234375,314.3999938964844,314.40008544921875,2200598
2026-03-31T13:40:00.000Z,314.5899963378906,317.1799011230469,311.489990234375,316.7200012207031,2980110
2026-03-31T13:45:00.000Z,316.6449890136719,318.989990234375,315.760009765625,318.7300109863281,1692510
2026-03-31T13:50:00.000Z,318.9599914550781,320,316.1900939941406,318.2650146484375,1570489
2026-03-31T13:55:00.000Z,318.2724914550781,327.489990234375,317.67999267578125,325.6200866699219,2536748
2026-03-31T14:00:00.000Z,325.67999267578125,328.59991455078125,324.54010009765625,328.0950012207031,1954775
2026-03-31T14:05:00.000Z,328.0950012207031,328.2298889160156,325.760009765625,325.80999755859375,1281287
2026-03-31T14:10:00.000Z,325.7699890136719,326.4200134277344,323.07000732421875,324.6400146484375,1189853
2026-03-31T14:15:00.000Z,324.57000732421875,329.1199951171875,324.0000915527344,327.625,1280756
2026-03-31T14:20:00.000Z,327.70001220703125,328.3800048828125,325.760009765625,326.8089904785156,923612
2026-03-31T14:25:00.000Z,326.8800048828125,326.8800048828125,323.7799987792969,324.4700012207031,839017
2026-03-31T14:30:00.000Z,324.54998779296875,328.69000244140625,324.4599914550781,328,1132266
2026-03-31T14:35:00.000Z,327.9700012207031,329.4200134277344,326.80010986328125,328.25,964691
2026-03-31T14:40:00.000Z,328.239990234375,329.1199951171875,325.2099914550781,326.6400146484375,954558
2026-03-31T14:45:00.000Z,326.92999267578125,328.8514099121094,324.8299865722656,325.3800048828125,836285
2026-03-31T14:50:00.000Z,325.3299865722656,325.739990234375,323.19000244140625,323.8500061035156,748571
2026-03-31T14:55:00.000Z,323.7500915527344,324.08990478515625,321.7687072753906,322.5000915527344,943802
2026-03-31T15:00:00.000Z,322.57000732421875,324.6400146484375,322.5000915527344,323.2544860839844,703231
2026-03-31T15:05:00.000Z,323.25,325.79998779296875,321.9100036621094,322.3351135253906,851943
2026-03-31T15:10:00.000Z,322.42999267578125,323.9800109863281,321.8999938964844,323.135009765625,573704
2026-03-31T15:15:00.000Z,323.1650085449219,324,322.5,323.05999755859375,486379
2026-03-31T15:20:00.000Z,323.04998779296875,324.0098876953125,321.79998779296875,323.8599853515625,520589
2026-03-31T15:25:00.000Z,323.8299865722656,324.3599853515625,322.6099853515625,323.715087890625,484876
2026-03-31T15:30:00.000Z,323.6300048828125,323.8500061035156,321.79998779296875,322.385009765625,419426
2026-03-31T15:35:00.000Z,322.385009765625,323.17999267578125,320.2300109863281,320.3800048828125,692567
2026-03-31T15:40:00.000Z,320.43499755859375,320.9200134277344,318.8800048828125,319.1050109863281,729719
2026-03-31T15:45:00.000Z,319.03009033203125,319.0400085449219,316.70001220703125,316.9949951171875,1001122
2026-03-31T15:50:00.000Z,316.9949951171875,320.1499938964844,316.54998779296875,319.07000732421875,892027
2026-03-31T15:55:00.000Z,319.2250061035156,319.44000244140625,317.7900085449219,318.70001220703125,399831
2026-03-31T16:00:00.000Z,318.5899963378906,321.45001220703125,318.54998779296875,320.87890625,614169
2026-03-31T16:05:00.000Z,320.9150085449219,323.3900146484375,320.6498107910156,323.1199951171875,682585
2026-03-31T16:10:00.000Z,323.114990234375,324.25,322.40008544921875,323.8599853515625,490332
2026-03-31T16:15:00.000Z,323.8599853515625,324.2799072265625,323,323.1499938964844,539427
2026-03-31T16:20:00.000Z,323.1400146484375,324.39990234375,322.80999755859375,324.0299987792969,407743
2026-03-31T16:25:00.000Z,323.989990234375,324.1499938964844,322.6600036621094,323.3800964355469,251884
2026-03-31T16:30:00.000Z,323.54998779296875,323.9200134277344,323,323.7099914550781,196977
2026-03-31T16:35:00.000Z,323.7300109863281,326.614990234375,323.20001220703125,326.55999755859375,602560
2026-03-31T16:40:00.000Z,326.55999755859375,332.2799072265625,326.5199890136719,331.30999755859375,1472612
2026-03-31T16:45:00.000Z,331.4100036621094,333.05999755859375,328.3800048828125,330.1600036621094,1365981
2026-03-31T16:50:00.000Z,330.0799865722656,331.5,328.5799865722656,330.375,734788
2026-03-31T16:55:00.000Z,330.3299865722656,330.5400085449219,328.0400085449219,328.2099914550781,576513
2026-03-31T17:00:00.000Z,328.2099914550781,331.3900146484375,327.3700866699219,330.9949951171875,864001
2026-03-31T17:05:00.000Z,330.6499938964844,331.0299987792969,328.8500061035156,329.2799987792969,736589
2026-03-31T17:10:00.000Z,329.3276062011719,331,329.010009765625,330.79998779296875,510784
2026-03-31T17:15:00.000Z,330.9399108886719,331.3500061035156,330.010009765625,330.9700012207031,507777
2026-03-31T17:20:00.000Z,330.9700012207031,331.05999755859375,329.8599853515625,329.9150085449219,375063
2026-03-31T17:25:00.000Z,329.8699951171875,330.0299072265625,328.05999755859375,328.3349914550781,567129
2026-03-31T17:30:00.000Z,328.2799987792969,329.69000244140625,328.2101135253906,328.6700134277344,336381
2026-03-31T17:35:00.000Z,328.7049865722656,329.8389892578125,327.0249938964844,328.3599853515625,535996
2026-03-31T17:40:00.000Z,328.3599853515625,329.2200012207031,327.6199951171875,328.20001220703125,290008
2026-03-31T17:45:00.000Z,328.1189880371094,328.2650146484375,327.29998779296875,327.5249938964844,352016
2026-03-31T17:50:00.000Z,327.5249938964844,327.6099853515625,326.2699890136719,326.614990234375,518944
2026-03-31T17:55:00.000Z,326.635009765625,326.80999755859375,324.3999938964844,324.69000244140625,566785
2026-03-31T18:00:00.000Z,324.6700134277344,326.4700012207031,323.8500061035156,324.8699951171875,624006
2026-03-31T18:05:00.000Z,324.8999938964844,326.8399963378906,324.7200012207031,326.260009765625,424713
2026-03-31T18:10:00.000Z,326.25,326.989990234375,325.1499938964844,326.739990234375,297337
2026-03-31T18:15:00.000Z,326.7763977050781,328.4200134277344,326.5799865722656,327.44500732421875,489035
2026-03-31T18:20:00.000Z,327.44500732421875,327.8999938964844,326.989990234375,327.010009765625,252817
2026-03-31T18:25:00.000Z,327.0450134277344,328.3099060058594,326.60009765625,328.2449951171875,304475
2026-03-31T18:30:00.000Z,328.2449951171875,328.4198913574219,327.07000732421875,327.7590026855469,250081
2026-03-31T18:35:00.000Z,327.6700134277344,329.489990234375,327.489990234375,328.70001220703125,363476
2026-03-31T18:40:00.000Z,328.7300109863281,330.20001220703125,328.3999938964844,329.5801086425781,581771
2026-03-31T18:45:00.000Z,329.739990234375,331.1434020996094,329.54010009765625,330.55999755859375,393560
2026-03-31T18:50:00.000Z,330.6099853515625,331.70001220703125,330.340087890625,331.3800964355469,454772
2026-03-31T18:55:00.000Z,331.44000244140625,332.79998779296875,331.3999938964844,332.4200134277344,497190
2026-03-31T19:00:00.000Z,332.3800048828125,334.1000061035156,332.3599853515625,333.29998779296875,813430
2026-03-31T19:05:00.000Z,333.2799987792969,333.6600036621094,331.2900085449219,332.1322021484375,671562
2026-03-31T19:10:00.000Z,332.1099853515625,333.989990234375,332.1099853515625,333.8699035644531,497492
2026-03-31T19:15:00.000Z,333.8349914550781,335.3299865722656,333.7001037597656,334.69000244140625,754174
2026-03-31T19:20:00.000Z,334.739990234375,336.57501220703125,334.42999267578125,336.07000732421875,857840
2026-03-31T19:25:00.000Z,336.0899963378906,336.9800109863281,335.8699951171875,336.04998779296875,739161
2026-03-31T19:30:00.000Z,336.05999755859375,336.17999267578125,334.8900146484375,335.760009765625,643190
2026-03-31T19:35:00.000Z,335.7200012207031,336.8550109863281,335.5,336.65008544921875,525877
2026-03-31T19:40:00.000Z,336.6499938964844,336.8699951171875,335,335.2149963378906,707894
2026-03-31T19:45:00.000Z,335.2200012207031,336.3999938964844,334.6600036621094,335.7701110839844,708497
2026-03-31T19:50:00.000Z,335.8299865722656,336.9490051269531,335,336.6099853515625,1098492
2026-03-31T19:55:00.000Z,336.70001220703125,337.8299865722656,336.1199951171875,337.614990234375,1923510
2026-03-31T20:00:00.000Z,337.46,338.01,336.99,337.12,0
2026-03-31T20:05:00.000Z,337.1,339.82,337.0101,339.79,0
2026-03-31T20:10:00.000Z,339.8,339.87,326.25,337.84,0
2026-03-31T20:15:00.000Z,338.5695,339.39,337.84,339.19,0
2026-03-31T20:20:00.000Z,339.0801,339.69,337.84,339.15,0
2026-03-31T20:25:00.000Z,339.2,340.2,339.2,339.73,0
2026-03-31T20:30:00.000Z,339.67,339.84,339.32,339.59,0
2026-03-31T20:35:00.000Z,339.43,339.6,337.84,337.84,0
2026-03-31T20:40:00.000Z,337.72,338.01,336.2012,336.3487,0
2026-03-31T20:45:00.000Z,336.3494,337.95,335.5,336.9101,0
2026-03-31T20:50:00.000Z,337.4233,337.45,336.69,336.8,0
2026-03-31T20:55:00.000Z,336.79,337.3,336.24,336.81,0
2026-03-31T21:00:00.000Z,336.99,337.45,328.74,336.95,0
2026-03-31T21:05:00.000Z,336.64,336.95,336.64,336.65,0
2026-03-31T21:10:00.000Z,336.68,337.84,336.65,336.68,0
2026-03-31T21:15:00.000Z,336.7,337,336.04,336.11,0
2026-03-31T21:20:00.000Z,336.11,336.4,335.62,335.91,0
2026-03-31T21:25:00.000Z,336.03,337,335.86,336.77,0
2026-03-31T21:30:00.000Z,336.77,336.99,336.28,336.4,0
2026-03-31T21:35:00.000Z,336.31,336.69,336.12,336.12,0
2026-03-31T21:40:00.000Z,336.1013,336.3,336.1,336.25,0
2026-03-31T21:45:00.000Z,336.16,336.77,335.75,336.77,0
2026-03-31T21:50:00.000Z,336.75,337.84,336.09,336.25,0
2026-03-31T21:55:00.000Z,336.38,337.84,336,336.25,0
2026-03-31T22:00:00.000Z,336.4,338.19,336.21,337.69,0
2026-03-31T22:05:00.000Z,337.71,338.42,337.1,337.92,0
2026-03-31T22:10:00.000Z,338.1,340.77,338.1,340.47,0
2026-03-31T22:15:00.000Z,340.47,341.3915,340.15,340.36,0
2026-03-31T22:20:00.000Z,340.36,340.8,339.28,340.165,0
2026-03-31T22:25:00.000Z,340.41,342,340.4,341.53,0
2026-03-31T22:30:00.000Z,341.53,341.77,341,341.16,0
2026-03-31T22:35:00.000Z,341.15,341.91,341.1,341.65,0
2026-03-31T22:40:00.000Z,341.61,342.33,341.16,341.49,0
2026-03-31T22:45:00.000Z,341.4958,341.8,341.2,341.33,0
2026-03-31T22:50:00.000Z,341.33,341.75,340.69,340.69,0
2026-03-31T22:55:00.000Z,340.7,341.48,340.63,341.27,0
2026-03-31T23:00:00.000Z,341.25,341.35,340.6,340.65,0
2026-03-31T23:05:00.000Z,340.778,341.48,340.65,341.13,0
2026-03-31T23:10:00.000Z,341.2,341.3,340.7403,341.1,0
2026-03-31T23:15:00.000Z,341,341.3,340.76,341.19,0
2026-03-31T23:20:00.000Z,341.17,341.3,340.3,340.69,0
2026-03-31T23:25:00.000Z,340.69,340.99,340.41,340.64,0
2026-03-31T23:30:00.000Z,340.64,340.85,340.3245,340.85,0
2026-03-31T23:35:00.000Z,340.85,341.45,340.7927,341.41,0
2026-03-31T23:40:00.000Z,341.4317,341.4317,340.28,340.89,0
2026-03-31T23:45:00.000Z,340.63,341.25,340.01,340.78,0
2026-03-31T23:50:00.000Z,340.77,341.22,340.61,341.2,0
2026-03-31T23:55:00.000Z,341.1,342.5,340.9,342.5,0
2026-04-01T08:00:00.000Z,346.5,350.8,342.41,345,0
2026-04-01T08:05:00.000Z,345.16,345.16,342.19,343.19,0
2026-04-01T08:10:00.000Z,343.19,344.5,342.5,343.67,0
2026-04-01T08:15:00.000Z,343.3261,344.49,343.3,344.15,0
2026-04-01T08:20:00.000Z,344.15,344.7,343.51,344.63,0
2026-04-01T08:25:00.000Z,344.66,345.5,344.5,344.8,0
2026-04-01T08:30:00.000Z,344.9809,345.3,344.6,344.81,0
2026-04-01T08:35:00.000Z,345.0203,345.38,344.57,345,0
2026-04-01T08:40:00.000Z,344.97,345.27,344,344.77,0
2026-04-01T08:45:00.000Z,344.5,345,344,344.73,0
2026-04-01T08:50:00.000Z,344.71,345.25,343.8,344,0
2026-04-01T08:55:00.000Z,344.04,344.5,343,343.67,0
2026-04-01T09:00:00.000Z,343.7,344.9,343,344.27,0
2026-04-01T09:05:00.000Z,344.7,344.9,344,344.3,0
2026-04-01T09:10:00.000Z,344.0199,344.2614,342.4,342.47,0
2026-04-01T09:15:00.000Z,342.9888,343,340.37,340.61,0
2026-04-01T09:20:00.000Z,340.52,340.8,338.78,339.7,0
2026-04-01T09:25:00.000Z,339.5,341.48,339.5,340.95,0
2026-04-01T09:30:00.000Z,340.95,341.985,340.67,341.5849,0
2026-04-01T09:35:00.000Z,341.5,341.9,341.2,341.61,0
2026-04-01T09:40:00.000Z,341.6,341.6,340.24,340.9,0
2026-04-01T09:45:00.000Z,341.28,343,341,342.75,0
2026-04-01T09:50:00.000Z,342.75,343.15,342.1,342.69,0
2026-04-01T09:55:00.000Z,342.7,343,342.1,342.97,0
2026-04-01T10:00:00.000Z,342.91,343.8,342.91,343.27,0
2026-04-01T10:05:00.000Z,343.39,343.47,342.42,342.69,0
2026-04-01T10:10:00.000Z,342.39,344.4,342.1,344.07,0
2026-04-01T10:15:00.000Z,344.39,344.95,344,344.68,0
2026-04-01T10:20:00.000Z,344.88,345,344.21,344.71,0
2026-04-01T10:25:00.000Z,344.83,344.99,344.11,344.35,0
2026-04-01T10:30:00.000Z,344.09,344.8,343.5,344.2776,0
2026-04-01T10:35:00.000Z,344.3,344.99,343.8028,344.8,0
2026-04-01T10:40:00.000Z,344.57,344.99,344.1,344.6788,0
2026-04-01T10:45:00.000Z,344.67,346.49,344.4989,346.26,0
2026-04-01T10:50:00.000Z,346.2,347.5,345.655,346.1,0
2026-04-01T10:55:00.000Z,346.08,346.3,344.01,344.45,0
2026-04-01T11:00:00.000Z,344.355,345.7,337.84,345.1259,0
2026-04-01T11:05:00.000Z,345.5,345.5,344.65,345.12,0
2026-04-01T11:10:00.000Z,345.2,347.25,345,346.9999,0
2026-04-01T11:15:00.000Z,347,347.47,345.95,346.35,0
2026-04-01T11:20:00.000Z,346.35,347.38,346.01,347.213,0
2026-04-01T11:25:00.000Z,347.22,348,347,347.4,0
2026-04-01T11:30:00.000Z,347.34,348,346.5,347.31,0
2026-04-01T11:35:00.000Z,347.2932,348.2,347.23,348,0
2026-04-01T11:40:00.000Z,348.25,348.48,347.16,347.548,0
2026-04-01T11:45:00.000Z,347.45,348.98,346.926,348.97,0
2026-04-01T11:50:00.000Z,348.99,349.5,348.4013,348.86,0
2026-04-01T11:55:00.000Z,348.93,349,348.22,348.5,0
2026-04-01T12:00:00.000Z,348.5,348.8,347.86,348,0
2026-04-01T12:05:00.000Z,348.31,349.7253,337.84,349.5,0
2026-04-01T12:10:00.000Z,349.64,349.8,348.5271,348.7,0
2026-04-01T12:15:00.000Z,348.6991,349.86,348.5,349.24,0
2026-04-01T12:20:00.000Z,349.35,349.5,348.6,348.76,0
2026-04-01T12:25:00.000Z,348.8767,349.4,347.5,347.75,0
2026-04-01T12:30:00.000Z,347.84,348.79,347.51,348.35,0
2026-04-01T12:35:00.000Z,348.35,349.2,337.84,346.96,0
2026-04-01T12:40:00.000Z,346.88,349.5,337.84,349.02,0
2026-04-01T12:45:00.000Z,349.01,350.97,347.65,348.62,0
2026-04-01T12:50:00.000Z,348.41,349.5,347.56,348.25,0
2026-04-01T12:55:00.000Z,347.9,349.15,347.44,347.8827,0
2026-04-01T13:00:00.000Z,347.89,348,346.8,346.91,0
2026-04-01T13:05:00.000Z,347.13,347.4,345.88,346.2441,0
2026-04-01T13:10:00.000Z,346.4999,347.87,346.22,347.1572,0
2026-04-01T13:15:00.000Z,347.2,347.87,347,347.5,0
2026-04-01T13:20:00.000Z,347.6,349.49,346.89,348.8,0
2026-04-01T13:25:00.000Z,348.8,352.52,348.43,349,0
2026-04-01T13:30:00.000Z,349.54998779296875,352.7200012207031,343,351.95001220703125,7820045
2026-04-01T13:35:00.000Z,351.95001220703125,356.3699951171875,351.1600036621094,356.04998779296875,2208923
2026-04-01T13:40:00.000Z,356.04998779296875,356.4200134277344,350.3900146484375,351.33990478515625,2138203
2026-04-01T13:45:00.000Z,351.1199951171875,352.3299865722656,349.510009765625,350.3699951171875,1405484
2026-04-01T13:50:00.000Z,350.4700012207031,353.8699951171875,349.0799865722656,353.7900085449219,1178213
2026-04-01T13:55:00.000Z,353.7900085449219,356.25,352.8100891113281,355.0899963378906,1265355
2026-04-01T14:00:00.000Z,355,361.3800048828125,354.85009765625,361.17999267578125,2008887
2026-04-01T14:05:00.000Z,361.1700134277344,363.2900085449219,359.8399963378906,362.9800109863281,1847617
2026-04-01T14:10:00.000Z,362.9432067871094,363.5299987792969,360.3534851074219,363.0751037597656,1312773
2026-04-01T14:15:00.000Z,363.02081298828125,366.6600036621094,363,365.2699890136719,2023546
2026-04-01T14:20:00.000Z,365.239990234375,368.70001220703125,365.07000732421875,365.715087890625,1742511
2026-04-01T14:25:00.000Z,365.7799987792969,366.010009765625,363.6499938964844,363.8699951171875,1245402
2026-04-01T14:30:00.000Z,363.9800109863281,365.9800109863281,363.6000061035156,363.8599853515625,1113527
2026-04-01T14:35:00.000Z,363.7300109863281,365.3699951171875,361.7001037597656,364.6549987792969,1318583
2026-04-01T14:40:00.000Z,364.7200012207031,365.70001220703125,363.10009765625,365.2149963378906,751463
2026-04-01T14:45:00.000Z,365.29998779296875,367.8699951171875,364.1827087402344,367.6400146484375,907178
2026-04-01T14:50:00.000Z,367.5950927734375,370.6972961425781,367.5400085449219,369.0299987792969,1770937
2026-04-01T14:55:00.000Z,369.0201110839844,369.6199951171875,368,368.47821044921875,1004086
2026-04-01T15:00:00.000Z,368.5199890136719,370.45001220703125,367.6300964355469,369.9198913574219,814671
2026-04-01T15:05:00.000Z,369.8349914550781,372.04998779296875,369.5613098144531,371.625,1047519
2026-04-01T15:10:00.000Z,371.60009765625,371.989990234375,369.1199951171875,369.2749938964844,1019442
2026-04-01T15:15:00.000Z,369.29998779296875,370.8599853515625,369.1600036621094,370.5357971191406,713369
2026-04-01T15:20:00.000Z,370.57000732421875,372.5,370.3399963378906,371.6300048828125,833420
2026-04-01T15:25:00.000Z,371.57501220703125,373.4599914550781,371.2300109863281,371.69000244140625,1041240
2026-04-01T15:30:00.000Z,371.7200012207031,371.82000732421875,370.6199951171875,370.98699951171875,778722
2026-04-01T15:35:00.000Z,371.04071044921875,372.489990234375,370.6700134277344,371.9599914550781,652662
2026-04-01T15:40:00.000Z,371.8399963378906,374.07000732421875,371.32000732421875,374.07000732421875,683111
2026-04-01T15:45:00.000Z,374.05499267578125,375.20001220703125,373.8699951171875,374.05999755859375,1049128
2026-04-01T15:50:00.000Z,374.0199890136719,376.32989501953125,373.29998779296875,375.885009765625,974838
2026-04-01T15:55:00.000Z,375.80999755859375,377.17999267578125,375.7550048828125,376.1099853515625,952210
2026-04-01T16:00:00.000Z,376.2698974609375,377.20001220703125,375.5,375.739990234375,789522
2026-04-01T16:05:00.000Z,375.7799987792969,376.79998779296875,375.15008544921875,376.5201110839844,728955
2026-04-01T16:10:00.000Z,376.6300048828125,376.6300048828125,374.8599853515625,375.1499938964844,562398
2026-04-01T16:15:00.000Z,375.1300048828125,375.8999938964844,374.93011474609375,375.53900146484375,625781
2026-04-01T16:20:00.000Z,375.5400085449219,376.3999938964844,374.2300109863281,374.30999755859375,671794
2026-04-01T16:25:00.000Z,374.42999267578125,375.0101013183594,374.0299987792969,374.3800964355469,493219
2026-04-01T16:30:00.000Z,374.3800964355469,374.79998779296875,373.67999267578125,373.875,498490
2026-04-01T16:35:00.000Z,373.875,374.59991455078125,373.29998779296875,373.3500061035156,476146
2026-04-01T16:40:00.000Z,373.3500061035156,375.04998779296875,373.2900085449219,374.6449890136719,494139
2026-04-01T16:45:00.000Z,374.6449890136719,375.760009765625,374.260009765625,375.3999938964844,439505
2026-04-01T16:50:00.000Z,375.3999938964844,376.8399963378906,375.3500061035156,376.510009765625,586907
2026-04-01T16:55:00.000Z,376.44500732421875,376.5400085449219,375.44000244140625,375.5150146484375,342683
2026-04-01T17:00:00.000Z,375.4599914550781,377.75,375.2799987792969,377.5150146484375,645794
2026-04-01T17:05:00.000Z,377.5,377.889892578125,376.2300109863281,376.239990234375,471461
2026-04-01T17:10:00.000Z,376.20001220703125,377.2799987792969,375.3999938964844,376.92999267578125,576403
2026-04-01T17:15:00.000Z,376.92999267578125,377.2499084472656,375.9342956542969,376.1050109863281,323622
2026-04-01T17:20:00.000Z,376.125,376.6700134277344,375.8500061035156,375.90008544921875,317186
2026-04-01T17:25:00.000Z,375.9700012207031,376.3599853515625,375.41009521484375,375.95001220703125,350789
2026-04-01T17:30:00.000Z,375.8399963378906,376.5299072265625,374.75,374.8299865722656,490279
2026-04-01T17:35:00.000Z,374.80999755859375,377.1050109863281,374.80999755859375,374.95001220703125,613349
2026-04-01T17:40:00.000Z,374.94000244140625,375.125,373.5201110839844,373.69000244140625,528669
2026-04-01T17:45:00.000Z,373.75,373.9299011230469,373.15130615234375,373.4100036621094,512185
2026-04-01T17:50:00.000Z,373.4700012207031,373.5975036621094,372.010009765625,372.7900085449219,551969
2026-04-01T17:55:00.000Z,372.79998779296875,372.9200134277344,371.79998779296875,372.1700134277344,449732
2026-04-01T18:00:00.000Z,372.25,372.4798889160156,369.840087890625,370.1300048828125,890256
2026-04-01T18:05:00.000Z,370.0950012207031,371.406005859375,368.5,369.17999267578125,955322
2026-04-01T18:10:00.000Z,369.29998779296875,370.30999755859375,369.1105041503906,369.8399963378906,496568
2026-04-01T18:15:00.000Z,369.760009765625,370.2900085449219,367.6000061035156,367.8251037597656,597890
2026-04-01T18:20:00.000Z,367.82501220703125,368.8299865722656,367.42999267578125,367.75,629393
2026-04-01T18:25:00.000Z,367.8301086425781,369.4198913574219,367.6000061035156,368.0799865722656,550962
2026-04-01T18:30:00.000Z,368.1099853515625,368.4999084472656,366.6900939941406,367.25,556972
2026-04-01T18:35:00.000Z,367.3299865722656,368.2200012207031,365.7101135253906,367.7099914550781,778323
2026-04-01T18:40:00.000Z,367.75360107421875,369.9700012207031,367.7099914550781,369.2699890136719,695099
2026-04-01T18:45:00.000Z,369.2699890136719,369.81500244140625,366.5150146484375,366.6400146484375,616771
2026-04-01T18:50:00.000Z,366.6700134277344,367.2598876953125,365.7099914550781,366.10009765625,411899
2026-04-01T18:55:00.000Z,366.1700134277344,366.4999084472656,365.42999267578125,365.8301086425781,365755
2026-04-01T19:00:00.000Z,365.8699951171875,366.6400146484375,365.590087890625,366.3251037597656,393889
2026-04-01T19:05:00.000Z,366.3450012207031,368.05499267578125,365.92999267578125,367.7699890136719,562512
2026-04-01T19:10:00.000Z,367.6099853515625,367.7200012207031,366.30999755859375,367.2300109863281,445070
2026-04-01T19:15:00.000Z,367.2300109863281,368.0799865722656,367.0000915527344,367.8900146484375,484962
2026-04-01T19:20:00.000Z,368,368.79998779296875,367.9100036621094,368.67999267578125,454963
2026-04-01T19:25:00.000Z,368.6300048828125,369.67999267578125,368.6199951171875,369.239990234375,560437
2026-04-01T19:30:00.000Z,369.239990234375,370.04998779296875,367.79998779296875,368.67999267578125,598838
2026-04-01T19:35:00.000Z,368.6300048828125,369.4100036621094,367.8900146484375,368.3550109863281,492279
2026-04-01T19:40:00.000Z,368.3299865722656,369.5,368.0799865722656,368.6199951171875,474781
2026-04-01T19:45:00.000Z,368.69000244140625,369.25,368.29998779296875,369,488319
2026-04-01T19:50:00.000Z,369.04998779296875,369.6600036621094,366.79998779296875,368.260009765625,748905
2026-04-01T19:55:00.000Z,368.20001220703125,368.489990234375,367.2099914550781,367.8500061035156,1415934
2026-04-01T20:00:00.000Z,367.79,368.6,367.6477,368.3,0
2026-04-01T20:05:00.000Z,368.32,369.6538,367.85,369,0
2026-04-01T20:10:00.000Z,369.35,370.72,367.85,370.35,0
2026-04-01T20:15:00.000Z,370.38,370.5,367.85,370.33,0
2026-04-01T20:20:00.000Z,370.44,370.8,367.85,369.93,0
2026-04-01T20:25:00.000Z,369.88,370.22,369,369.24,0
2026-04-01T20:30:00.000Z,369.19,369.7,369.1,369.4999,0
2026-04-01T20:35:00.000Z,369.42,369.7,369.01,369.5,0
2026-04-01T20:40:00.000Z,369.65,370.19,369.38,369.51,0
2026-04-01T20:45:00.000Z,369.7,370.19,367.85,370.09,0
2026-04-01T20:50:00.000Z,370.18,370.58,369.75,370.55,0
2026-04-01T20:55:00.000Z,370.52,370.98,370,370,0
2026-04-01T21:00:00.000Z,370.02,370.99,370.02,370.99,0
2026-04-01T21:05:00.000Z,370.99,371.2,370.34,370.59,0
2026-04-01T21:10:00.000Z,370.58,370.73,370.1301,370.36,0
2026-04-01T21:15:00.000Z,370.34,371.18,370.26,371,0
2026-04-01T21:20:00.000Z,371.18,371.18,370.59,370.65,0
2026-04-01T21:25:00.000Z,370.75,370.96,370.1867,370.5,0
2026-04-01T21:30:00.000Z,370.426,370.68,370.15,370.66,0
2026-04-01T21:35:00.000Z,370.57,371.2,370.57,370.97,0
2026-04-01T21:40:00.000Z,370.979,371.3342,370.6,370.96,0
2026-04-01T21:45:00.000Z,370.883,371.1,370.63,370.9472,0
2026-04-01T21:50:00.000Z,370.84,370.95,367.85,370.71,0
2026-04-01T21:55:00.000Z,370.8,371,370.6,370.95,0
2026-04-01T22:00:00.000Z,370.9,371.5,370.45,371.065,0
2026-04-01T22:05:00.000Z,371.45,371.5,370.55,371.05,0
2026-04-01T22:10:00.000Z,371.01,371.12,367.85,369.99,0
2026-04-01T22:15:00.000Z,369.75,370.75,369.5,369.65,0
2026-04-01T22:20:00.000Z,370,370.5,369.26,370.2,0
2026-04-01T22:25:00.000Z,370.21,370.79,369.565,370.31,0
2026-04-01T22:30:00.000Z,370.69,370.7,370,370.1,0
2026-04-01T22:35:00.000Z,370.31,370.5,370.1,370.5,0
2026-04-01T22:40:00.000Z,370.5,370.9,370.31,370.71,0
2026-04-01T22:45:00.000Z,370.749,370.8,370.31,370.5,0
2026-04-01T22:50:00.000Z,370.52,370.7,369.2612,369.56,0
2026-04-01T22:55:00.000Z,369.6,370.1,369.29,370,0
2026-04-01T23:00:00.000Z,369.75,370.2,369.75,370.1,0
2026-04-01T23:05:00.000Z,370,370.36,370,370.35,0
2026-04-01T23:10:00.000Z,370.33,370.6546,370.01,370.6,0
2026-04-01T23:15:00.000Z,370.6,371,370.41,370.9045,0
2026-04-01T23:20:00.000Z,370.89,370.95,370.63,370.87,0
2026-04-01T23:25:00.000Z,370.8519,371.2,370.81,371.15,0
2026-04-01T23:30:00.000Z,371.15,371.2,370.6,370.91,0
2026-04-01T23:35:00.000Z,370.85,371,370.69,370.8,0
2026-04-01T23:40:00.000Z,370.8,371.15,370.7,370.83,0
2026-04-01T23:45:00.000Z,370.75,371.4545,370.7115,371.2,0
2026-04-01T23:50:00.000Z,371.21,371.3,370.2,371.1,0
2026-04-01T23:55:00.000Z,371.1,371.19,370.55,371,0
2026-04-02T08:00:00.000Z,355.85,356.9452,349.55,354.05,0
2026-04-02T08:05:00.000Z,354,354.69,352.8,353.61,0
2026-04-02T08:10:00.000Z,354.05,354.5,353.2012,353.32,0
2026-04-02T08:15:00.000Z,353.32,353.32,352.01,352.18,0
2026-04-02T08:20:00.000Z,352.18,352.69,351.61,352.48,0
2026-04-02T08:25:00.000Z,352.07,352.81,351.7,352.46,0
2026-04-02T08:30:00.000Z,352.5,353.5,352.46,353.4705,0
2026-04-02T08:35:00.000Z,353.47,353.5,353,353.33,0
2026-04-02T08:40:00.000Z,353.3,354.43,352.94,354,0
2026-04-02T08:45:00.000Z,353.8,354.69,353.2,353.5701,0
2026-04-02T08:50:00.000Z,353.9739,353.98,352.6207,353,0
2026-04-02T08:55:00.000Z,353.008,353.4739,352.58,352.85,0
2026-04-02T09:00:00.000Z,352.5,352.98,352.02,352.11,0
2026-04-02T09:05:00.000Z,352.1,352.72,352,352.2,0
2026-04-02T09:10:00.000Z,352.01,352.26,351.4,351.72,0
2026-04-02T09:15:00.000Z,351.99,352.52,351.6,352.52,0
2026-04-02T09:20:00.000Z,352.0012,352.98,352,352.98,0
2026-04-02T09:25:00.000Z,352.98,353.49,352.66,352.76,0
2026-04-02T09:30:00.000Z,352.76,353.75,352.7,352.8,0
2026-04-02T09:35:00.000Z,352.5,353,351.92,351.92,0
2026-04-02T09:40:00.000Z,351.9922,352.5,351.8294,352.02,0
2026-04-02T09:45:00.000Z,352.4983,352.5,352,352.4,0
2026-04-02T09:50:00.000Z,352.49,352.9,352.07,352.5888,0
2026-04-02T09:55:00.000Z,352.58,352.58,351.5987,352.35,0
2026-04-02T10:00:00.000Z,352.2,352.35,351.21,351.8,0
2026-04-02T10:05:00.000Z,351.5,352.3488,351,351,0
2026-04-02T10:10:00.000Z,351.02,351.07,349.6757,350.07,0
2026-04-02T10:15:00.000Z,350.03,350.61,349.4,350.0313,0
2026-04-02T10:20:00.000Z,350.2104,350.35,349.3,349.94,0
2026-04-02T10:25:00.000Z,349.65,350.59,349.56,350.59,0
2026-04-02T10:30:00.000Z,350.59,352,350.28,351.1,0
2026-04-02T10:35:00.000Z,351.49,351.9341,350.4,350.52,0
2026-04-02T10:40:00.000Z,350.95,351.9,350.68,351.68,0
2026-04-02T10:45:00.000Z,351.77,352,351.12,351.12,0
2026-04-02T10:50:00.000Z,351.13,351.5788,350.01,350.01,0
2026-04-02T10:55:00.000Z,350.03,351.9586,350.03,351.87,0
2026-04-02T11:00:00.000Z,351.88,367.85,350.6,350.62,0
2026-04-02T11:05:00.000Z,350.6195,350.749,349.3995,349.56,0
2026-04-02T11:10:00.000Z,349.5619,350,349.1477,349.5,0
2026-04-02T11:15:00.000Z,349.4557,349.79,348.51,349.09,0
2026-04-02T11:20:00.000Z,349,349.44,348.2,348.66,0
2026-04-02T11:25:00.000Z,348.66,348.95,347.59,348.39,0
2026-04-02T11:30:00.000Z,348.29,349.5,348.02,348.27,0
2026-04-02T11:35:00.000Z,348.54,348.7,346.68,347,0
2026-04-02T11:40:00.000Z,347,348.23,346.89,348,0
2026-04-02T11:45:00.000Z,348.14,348.2,347.3001,348,0
2026-04-02T11:50:00.000Z,348,348.48,346.95,348.1784,0
2026-04-02T11:55:00.000Z,348.1793,348.42,346.04,346.3,0
2026-04-02T12:00:00.000Z,346.38,347.74,346.06,347.3,0
2026-04-02T12:05:00.000Z,347.55,347.8238,346.6,346.91,0
2026-04-02T12:10:00.000Z,347.11,347.3,346,346.38,0
2026-04-02T12:15:00.000Z,346.6915,346.96,345.6,346.8715,0
2026-04-02T12:20:00.000Z,346.618,348.6973,346.32,348.4507,0
2026-04-02T12:25:00.000Z,348.49,367.85,347,348.5,0
2026-04-02T12:30:00.000Z,348.179,367.85,347.96,348.59,0
2026-04-02T12:35:00.000Z,348.5507,349,347.54,347.9369,0
2026-04-02T12:40:00.000Z,348.4,348.5,347.2,348.05,0
2026-04-02T12:45:00.000Z,348.01,348.2,346.9225,347.18,0
2026-04-02T12:50:00.000Z,347.6603,347.99,347.05,347.1136,0
2026-04-02T12:55:00.000Z,347.2,347.86,345.5,345.5,0
2026-04-02T13:00:00.000Z,345.8,346.8,345.3,346.2,0
2026-04-02T13:05:00.000Z,346.2,347.17,345.37,345.75,0
2026-04-02T13:10:00.000Z,346,347.74,345.7,347,0
2026-04-02T13:15:00.000Z,346.45,348.3,346.45,347,0
2026-04-02T13:20:00.000Z,346.9,347.0393,344,344,0
2026-04-02T13:25:00.000Z,344.08,344.96,339.04,341.37,0
2026-04-02T13:30:00.000Z,341.3399963378906,348.5299987792969,340.8789978027344,346.864990234375,5821380
2026-04-02T13:35:00.000Z,346.8500061035156,346.9800109863281,340.20001220703125,341.8399963378906,1565084
2026-04-02T13:40:00.000Z,341.8872985839844,345.1700134277344,341.3500061035156,344.3900146484375,1117217
2026-04-02T13:45:00.000Z,344.3900146484375,350.3299865722656,343.17010498046875,349.885009765625,1523949
2026-04-02T13:50:00.000Z,349.94500732421875,353.9599914550781,348.3900146484375,353.4700012207031,1372999
2026-04-02T13:55:00.000Z,353.4419860839844,354.6000061035156,351.510009765625,354.6000061035156,1247502
2026-04-02T14:00:00.000Z,354.6199951171875,355.92999267578125,352.8999938964844,355.7301025390625,1217679
2026-04-02T14:05:00.000Z,355.9800109863281,358.94970703125,355.0408935546875,358.3900146484375,1449885
2026-04-02T14:10:00.000Z,358.2200012207031,359.489990234375,357.1766052246094,357.4552917480469,1022001
2026-04-02T14:15:00.000Z,357.3500061035156,362.3900146484375,357.0799865722656,362.04998779296875,1212048
2026-04-02T14:20:00.000Z,362.1499938964844,362.95001220703125,358.29998779296875,358.68499755859375,1231573
2026-04-02T14:25:00.000Z,358.7001037597656,358.8500061035156,355.739990234375,356.099609375,1055759
2026-04-02T14:30:00.000Z,356.1300048828125,359.9100036621094,355.75,358.69000244140625,928145
2026-04-02T14:35:00.000Z,358.739990234375,365.92999267578125,358.2900085449219,364.9800109863281,1896882
2026-04-02T14:40:00.000Z,365.1133117675781,365.2044982910156,361.1600036621094,363.875,974879
2026-04-02T14:45:00.000Z,363.79998779296875,365.3900146484375,361.30999755859375,361.510009765625,898798
2026-04-02T14:50:00.000Z,361.3599853515625,364,360.25,363.2699890136719,829545
2026-04-02T14:55:00.000Z,363.1600036621094,365.29998779296875,363.0101013183594,363.260009765625,619622
2026-04-02T15:00:00.000Z,363.30499267578125,363.4898986816406,360.010009765625,361.8699951171875,647380
2026-04-02T15:05:00.000Z,361.79638671875,362.0400085449219,360.1499938964844,361.739990234375,465046
2026-04-02T15:10:00.000Z,361.7250061035156,363.489990234375,361.27099609375,362.4200134277344,515746
2026-04-02T15:15:00.000Z,362.4700012207031,364.2298889160156,361.82000732421875,364.0700988769531,396117
2026-04-02T15:20:00.000Z,364.1499938964844,364.1499938964844,361.739990234375,363.2099914550781,478306
2026-04-02T15:25:00.000Z,363.1300048828125,364.7200012207031,362.4201965332031,364.1199951171875,482153
2026-04-02T15:30:00.000Z,364.1300048828125,364.4999084472656,361.80999755859375,362.9800109863281,322222
2026-04-02T15:35:00.000Z,363.05999755859375,365.29998779296875,362.8999938964844,364.0450134277344,559338
2026-04-02T15:40:00.000Z,364.010009765625,364.739990234375,362.7099914550781,363.3999938964844,384654
2026-04-02T15:45:00.000Z,363.3399963378906,363.55999755859375,361.79998779296875,362.34381103515625,376378
2026-04-02T15:50:00.000Z,362.3399963378906,362.4200134277344,359.989990234375,361.6000061035156,537161
2026-04-02T15:55:00.000Z,361.5950012207031,362.1600036621094,360.9100036621094,361.3742980957031,228720
2026-04-02T16:00:00.000Z,361.1995849609375,362.69989013671875,360.9100036621094,361.4100036621094,287636
2026-04-02T16:05:00.000Z,361.3599853515625,361.9560852050781,359.79998779296875,361.7049865722656,361142
2026-04-02T16:10:00.000Z,361.7049865722656,361.864990234375,360.79998779296875,361.1549987792969,243638
2026-04-02T16:15:00.000Z,361.1499938964844,361.7499084472656,359.0400085449219,359.1700134277344,351421
2026-04-02T16:20:00.000Z,359.1300048828125,359.59991455078125,358.3500061035156,358.3599853515625,400926
2026-04-02T16:25:00.000Z,358.3500061035156,359.69000244140625,358.1300048828125,359.54998779296875,347669
2026-04-02T16:30:00.000Z,359.4700012207031,361.8500061035156,359,361.5650939941406,444698
2026-04-02T16:35:00.000Z,361.6499938964844,361.8888854980469,359.1700134277344,360.739990234375,326307
2026-04-02T16:40:00.000Z,360.7900085449219,363.1499938964844,360.7250061035156,362.5899963378906,432018
2026-04-02T16:45:00.000Z,362.5,363.1965026855469,361.7699890136719,362.5350036621094,287546
2026-04-02T16:50:00.000Z,362.5450134277344,363.3699035644531,362.20001220703125,362.9049987792969,267664
2026-04-02T16:55:00.000Z,362.8550109863281,362.8900146484375,362.03009033203125,362.6400146484375,232453
2026-04-02T17:00:00.000Z,362.6400146484375,363.17999267578125,361.6700134277344,362.5260009765625,298927
2026-04-02T17:05:00.000Z,362.489990234375,363.1400146484375,362.0899963378906,362.82000732421875,225968
2026-04-02T17:10:00.000Z,362.75,364.4100036621094,362.7300109863281,363.8460998535156,451646
2026-04-02T17:15:00.000Z,363.989990234375,364.5799865722656,363.489990234375,363.8999938964844,285008
2026-04-02T17:20:00.000Z,363.95001220703125,364.6600036621094,363.6099853515625,364.3699951171875,249162
2026-04-02T17:25:00.000Z,364.2699890136719,364.8999938964844,363.8800964355469,364.7799987792969,231723
2026-04-02T17:30:00.000Z,364.739990234375,364.8800048828125,363.70001220703125,364.3494873046875,234569
2026-04-02T17:35:00.000Z,364.29998779296875,364.3699951171875,363,363.7300109863281,253362
2026-04-02T17:40:00.000Z,363.80499267578125,364.3500061035156,362.7799987792969,363.4601135253906,207140
2026-04-02T17:45:00.000Z,363.4599914550781,363.510009765625,361.6000061035156,361.7300109863281,299103
2026-04-02T17:50:00.000Z,361.6600036621094,362.57989501953125,361.20001220703125,362.56451416015625,295983
2026-04-02T17:55:00.000Z,362.5400085449219,362.8800048828125,361.7200012207031,362.42999267578125,182220
2026-04-02T18:00:00.000Z,362.4700012207031,363.67999267578125,362.0299987792969,363.55499267578125,325116
2026-04-02T18:05:00.000Z,363.5899963378906,364.5498962402344,363.2101135253906,363.7149963378906,379073
2026-04-02T18:10:00.000Z,363.7349853515625,364.7250061035156,363.5,364.2850036621094,256188
2026-04-02T18:15:00.000Z,364.3399963378906,365.44000244140625,364.1600036621094,364.864990234375,440645
2026-04-02T18:20:00.000Z,364.82000732421875,365.1499938964844,364.2101135253906,364.2799987792969,264876
2026-04-02T18:25:00.000Z,364.260009765625,364.6000061035156,363.6000061035156,363.82000732421875,277278
2026-04-02T18:30:00.000Z,363.8949890136719,364.3799133300781,363.510009765625,364.2850036621094,219541
2026-04-02T18:35:00.000Z,364.2200012207031,364.3500061035156,363.7101135253906,364.04998779296875,118531
2026-04-02T18:40:00.000Z,364,365.2300109863281,363.9700012207031,365.04010009765625,273056
2026-04-02T18:45:00.000Z,365.0799865722656,366.3800048828125,364.8800048828125,366.17498779296875,407844
2026-04-02T18:50:00.000Z,366.1300048828125,366.1400146484375,365.25,365.4750061035156,311301
2026-04-02T18:55:00.000Z,365.5199890136719,366.04998779296875,364.9200134277344,365.135009765625,370924
2026-04-02T19:00:00.000Z,365.1449890136719,366.80999755859375,364.8999938964844,366.1549987792969,383128
2026-04-02T19:05:00.000Z,366.1600036621094,366.7850036621094,365.6600036621094,366.42999267578125,300429
2026-04-02T19:10:00.000Z,366.42999267578125,366.8299865722656,366.1099853515625,366.45361328125,350286
2026-04-02T19:15:00.000Z,366.4800109863281,366.57989501953125,364.70001220703125,365,371698
2026-04-02T19:20:00.000Z,364.8275146484375,365.84991455078125,363.8900146484375,363.8999938964844,337829
2026-04-02T19:25:00.000Z,363.8999938964844,364.6300048828125,363.260009765625,364.4800109863281,354902
2026-04-02T19:30:00.000Z,364.4200134277344,364.8999938964844,364.1400146484375,364.55999755859375,287788
2026-04-02T19:35:00.000Z,364.57501220703125,365.6000061035156,364.2799987792969,365.135009765625,310994
2026-04-02T19:40:00.000Z,365.135009765625,366.0899963378906,364.6099853515625,364.8900146484375,370845
2026-04-02T19:45:00.000Z,364.8900146484375,366.239990234375,364.8900146484375,365.6099853515625,401719
2026-04-02T19:50:00.000Z,365.5799865722656,366.9399108886719,365.3999938964844,365.8399963378906,1163502
2026-04-02T19:55:00.000Z,365.7699890136719,366.8699035644531,365.6499938964844,366.1300048828125,1422927
2026-04-02T20:00:00.000Z,366.13,366.5,365.539,366.04,0
2026-04-02T20:05:00.000Z,366.05,366.05,365.7056,365.88,0
2026-04-02T20:10:00.000Z,365.9,366.24,365.77,365.83,0
2026-04-02T20:15:00.000Z,365.82,366.24,365.5711,365.89,0
2026-04-02T20:20:00.000Z,366.24,366.24,365.51,365.6499,0
2026-04-02T20:25:00.000Z,365.59,365.82,365,365.6,0
2026-04-02T20:30:00.000Z,365.61,365.8,365.3,365.31,0
2026-04-02T20:35:00.000Z,365.5,365.5,365.1025,365.1899,0
2026-04-02T20:40:00.000Z,365.13,365.37,365.1,365.2,0
2026-04-02T20:45:00.000Z,365.3,365.4,365.18,365.32,0
2026-04-02T20:50:00.000Z,365.374,366.24,365.1,365.22,0
2026-04-02T20:55:00.000Z,365.15,365.3,365.05,365.11,0
2026-04-02T21:00:00.000Z,365.1,365.22,364.791,364.9999,0
2026-04-02T21:05:00.000Z,364.999,365,364.92,364.9903,0
2026-04-02T21:10:00.000Z,365,366.24,364.72,364.96,0
2026-04-02T21:15:00.000Z,364.98,365.22,362.5939,365.04,0
2026-04-02T21:20:00.000Z,365.17,365.25,365.0101,365.0104,0
2026-04-02T21:25:00.000Z,365.03,366.24,365.01,365.1086,0
2026-04-02T21:30:00.000Z,365.0564,365.3,364.9,364.906,0
2026-04-02T21:35:00.000Z,364.95,364.9501,364.88,364.93,0
2026-04-02T21:40:00.000Z,364.9001,366.24,364.9,364.94,0
2026-04-02T21:45:00.000Z,364.9312,365.01,364.93,364.93,0
2026-04-02T21:50:00.000Z,364.99,364.99,364.93,364.97,0
2026-04-02T21:55:00.000Z,364.97,365.35,364.93,365.31,0
2026-04-02T22:00:00.000Z,365.31,365.35,365,365.06,0
2026-04-02T22:05:00.000Z,365.01,365.15,364.93,364.93,0
2026-04-02T22:10:00.000Z,365.15,365.35,364.94,365.01,0
2026-04-02T22:15:00.000Z,365,365.35,365,365.3,0
2026-04-02T22:20:00.000Z,365.35,365.47,365,365.22,0
2026-04-02T22:25:00.000Z,365.3008,365.46,365.25,365.35,0
2026-04-02T22:30:00.000Z,365.35,365.61,365.3,365.53,0
2026-04-02T22:35:00.000Z,365.5,365.61,365.3,365.5,0
2026-04-02T22:40:00.000Z,365.44,365.61,365.3,365.429,0
2026-04-02T22:45:00.000Z,365.41,365.42,365.1695,365.18,0
2026-04-02T22:50:00.000Z,365.18,365.3,365.11,365.17,0
2026-04-02T22:55:00.000Z,365.14,365.3,365.1,365.3,0
2026-04-02T23:00:00.000Z,365.18,365.3,365.02,365.04,0
2026-04-02T23:05:00.000Z,365.04,365.25,365.04,365.07,0
2026-04-02T23:10:00.000Z,365.0552,365.18,365.04,365.06,0
2026-04-02T23:15:00.000Z,365.11,365.16,365.04,365.1,0
2026-04-02T23:20:00.000Z,365.1,365.15,365.0205,365.0205,0
2026-04-02T23:25:00.000Z,365.04,365.2,365.02,365.05,0
2026-04-02T23:30:00.000Z,365.17,365.3,365.05,365.11,0
2026-04-02T23:35:00.000Z,365.1,365.2,365.07,365.09,0
2026-04-02T23:40:00.000Z,365.1,365.2701,365.07,365.1,0
2026-04-02T23:45:00.000Z,365.1,365.2,365.02,365.05,0
2026-04-02T23:50:00.000Z,365.04,365.1,364.96,365,0
2026-04-02T23:55:00.000Z,364.91,364.99,364.5325,364.68,0
2026-04-06T08:00:00.000Z,375.94,377.3,373,377.3,0
2026-04-06T08:05:00.000Z,377.3,379.41,376.88,378.8262,0
2026-04-06T08:10:00.000Z,378.5,379,378,378.9459,0
2026-04-06T08:15:00.000Z,378.95,378.99,377.25,377.5,0
2026-04-06T08:20:00.000Z,377.31,380.05,377,379.67,0
2026-04-06T08:25:00.000Z,379.5584,381.38,379.5,380.48,0
2026-04-06T08:30:00.000Z,380.39,382,380.05,381.61,0
2026-04-06T08:35:00.000Z,381.9012,382.28,381.5,381.96,0
2026-04-06T08:40:00.000Z,382,383,381.55,382.2,0
2026-04-06T08:45:00.000Z,382.2,382.51,380.98,380.98,0
2026-04-06T08:50:00.000Z,381,381.9,379.5,379.5041,0
2026-04-06T08:55:00.000Z,379.68,380.94,379.5,380.8242,0
2026-04-06T09:00:00.000Z,380.19,380.88,379.1,380,0
2026-04-06T09:05:00.000Z,379.69,380.9035,379.69,380.44,0
2026-04-06T09:10:00.000Z,380.5,380.9092,379.54,379.9,0
2026-04-06T09:15:00.000Z,379.93,380,378.51,379.81,0
2026-04-06T09:20:00.000Z,379.5,380,379.02,379.02,0
2026-04-06T09:25:00.000Z,379.02,379.9,378.8,379.9,0
2026-04-06T09:30:00.000Z,379.9,380.02,379.65,379.94,0
2026-04-06T09:35:00.000Z,380,380.4,379.65,379.77,0
2026-04-06T09:40:00.000Z,379.9484,380.05,379.02,379.9842,0
2026-04-06T09:45:00.000Z,379.98,380.4,379.5222,380,0
2026-04-06T09:50:00.000Z,380,380.3583,378.5674,378.72,0
2026-04-06T09:55:00.000Z,378.85,379,378,378.52,0
2026-04-06T10:00:00.000Z,378.4634,378.9,378.1012,378.63,0
2026-04-06T10:05:00.000Z,378.6,379.2,378.1,379.1,0
2026-04-06T10:10:00.000Z,379,379.51,378.75,379.1,0
2026-04-06T10:15:00.000Z,379.18,379.39,378.2,378.6,0
2026-04-06T10:20:00.000Z,378.6,378.6,377.77,378.05,0
2026-04-06T10:25:00.000Z,378,378.33,377.5,378.2,0
2026-04-06T10:30:00.000Z,378.12,378.47,377.6,378,0
2026-04-06T10:35:00.000Z,378.12,378.4688,378,378.2,0
2026-04-06T10:40:00.000Z,378.06,378.41,378.03,378.3849,0
2026-04-06T10:45:00.000Z,378.4,378.64,376.5301,377,0
2026-04-06T10:50:00.000Z,376.72,377.25,376.01,376.33,0
2026-04-06T10:55:00.000Z,376.5,376.8,375.81,376,0
2026-04-06T11:00:00.000Z,376.27,378,366.24,375.74,0
2026-04-06T11:05:00.000Z,375.532,376.3,375.25,375.9339,0
2026-04-06T11:10:00.000Z,376,376,374.88,375.9,0
2026-04-06T11:15:00.000Z,376,377.8,375.5417,377.44,0
2026-04-06T11:20:00.000Z,377.14,377.45,376.48,376.52,0
2026-04-06T11:25:00.000Z,376.77,378.5,376.52,378.4,0
2026-04-06T11:30:00.000Z,378.4499,379.36,378.06,379.1296,0
2026-04-06T11:35:00.000Z,379.1,379.36,377.99,378.0483,0
2026-04-06T11:40:00.000Z,378,378.3,376.8,377.5,0
2026-04-06T11:45:00.000Z,376.8401,378.5,376.8401,378.5,0
2026-04-06T11:50:00.000Z,378.3,378.68,378.03,378.67,0
2026-04-06T11:55:00.000Z,378.32,378.67,378.03,378.19,0
2026-04-06T12:00:00.000Z,378.19,378.5,377.6,378.44,0
2026-04-06T12:05:00.000Z,378.1,378.98,377.7,378.9,0
2026-04-06T12:10:00.000Z,378.9,379.7,378.5624,379.69,0
2026-04-06T12:15:00.000Z,379.4817,379.7,379,379.1977,0
2026-04-06T12:20:00.000Z,379.3999,379.43,378.2,378.71,0
2026-04-06T12:25:00.000Z,378.9503,379.67,378.7,379.3545,0
2026-04-06T12:30:00.000Z,378.86,379.67,378.33,379.62,0
2026-04-06T12:35:00.000Z,379.67,379.99,379.11,379.4449,0
2026-04-06T12:40:00.000Z,379.3929,379.8,378.5,378.89,0
2026-04-06T12:45:00.000Z,378.81,380.4,378.57,379.9,0
2026-04-06T12:50:00.000Z,379.66,380,379.1674,379.609,0
2026-04-06T12:55:00.000Z,379.68,379.88,378.6,378.99,0
2026-04-06T13:00:00.000Z,379.2,379.3,377.96,378.4623,0
2026-04-06T13:05:00.000Z,378.23,378.7,377,377.5874,0
2026-04-06T13:10:00.000Z,377.7,379.08,377.28,378.4,0
2026-04-06T13:15:00.000Z,378.7,379,378,378.5,0
2026-04-06T13:20:00.000Z,377.8584,378.49,377.2,377.5,0
2026-04-06T13:25:00.000Z,377.7,377.99,372.9,373.01,0
2026-04-06T13:30:00.000Z,373.29998779296875,378.20001220703125,372.0350036621094,376.489990234375,3830125
2026-04-06T13:35:00.000Z,376.510009765625,377.2298889160156,370.6099853515625,373.4700012207031,1408655
2026-04-06T13:40:00.000Z,373.5899963378906,380.3999938964844,372.25,379.9700012207031,1489175
2026-04-06T13:45:00.000Z,380.0400085449219,383,379.25,382.57501220703125,1377147
2026-04-06T13:50:00.000Z,382.5,385.0768127441406,381.1593933105469,384.1600036621094,1817013
2026-04-06T13:55:00.000Z,384.135009765625,385,379.5806884765625,379.86639404296875,1184160
2026-04-06T14:00:00.000Z,379.5799865722656,381.7699890136719,378.3699951171875,378.6199951171875,1102382
2026-04-06T14:05:00.000Z,378.66241455078125,380.2499084472656,375.3299865722656,377.30999755859375,1146245
2026-04-06T14:10:00.000Z,377.3450012207031,379.5799865722656,376.4750061035156,379.135009765625,780500
2026-04-06T14:15:00.000Z,379.1700134277344,380.3800048828125,378.25,378.9549865722656,603694
2026-04-06T14:20:00.000Z,378.8912048339844,379.7699890136719,377.590087890625,379.6899108886719,519743
2026-04-06T14:25:00.000Z,379.6199951171875,379.6600036621094,377.4100036621094,377.7001037597656,417433
2026-04-06T14:30:00.000Z,377.7499084472656,379.25,377.2659912109375,377.5450134277344,382122
2026-04-06T14:35:00.000Z,377.5799865722656,378.2900085449219,375.590087890625,376.4045104980469,492950
2026-04-06T14:40:00.000Z,376.4750061035156,377.739990234375,375.8299865722656,376.3699951171875,400260
2026-04-06T14:45:00.000Z,376.375,377.45001220703125,375.75,376.1400146484375,344374
2026-04-06T14:50:00.000Z,376.1700134277344,378.8800048828125,375.81048583984375,378.239990234375,504697
2026-04-06T14:55:00.000Z,378.1400146484375,379.05999755859375,376.8399963378906,378.69000244140625,408311
2026-04-06T15:00:00.000Z,378.625,380.8800048828125,378.0736083984375,378.6300048828125,592894
2026-04-06T15:05:00.000Z,378.5950012207031,379.0400085449219,377.55010986328125,378.30999755859375,357533
2026-04-06T15:10:00.000Z,378.25,378.75,377.20001220703125,378.7200012207031,302149
2026-04-06T15:15:00.000Z,378.7099914550781,379.7300109863281,378.3399963378906,379.57000732421875,332976
2026-04-06T15:20:00.000Z,379.5799865722656,379.7200012207031,377.760009765625,378.0046081542969,268263
2026-04-06T15:25:00.000Z,378.05999755859375,379.68499755859375,377.5,379.3999938964844,382718
2026-04-06T15:30:00.000Z,379.42999267578125,379.6600036621094,377.70001220703125,378.364990234375,376401
2026-04-06T15:35:00.000Z,378.4599914550781,380.20001220703125,377.69000244140625,378.20001220703125,476075
2026-04-06T15:40:00.000Z,378.1449890136719,380.2200012207031,377.7699890136719,380.125,418923
2026-04-06T15:45:00.000Z,380.1099853515625,380.8699951171875,379.7699890136719,379.989990234375,364540
2026-04-06T15:50:00.000Z,380.0325927734375,380.9700012207031,379.1650085449219,380.6285095214844,330824
2026-04-06T15:55:00.000Z,380.6400146484375,381.5,380.1199951171875,381.44989013671875,272097
2026-04-06T16:00:00.000Z,381.3601989746094,382.510009765625,380.0201110839844,380.2101135253906,577829
2026-04-06T16:05:00.000Z,380.315185546875,380.4700012207031,379.2799987792969,379.5199890136719,245127
2026-04-06T16:10:00.000Z,379.6199951171875,380.7900085449219,379.3301086425781,380.510009765625,278850
2026-04-06T16:15:00.000Z,380.5299987792969,381.1299133300781,380.17010498046875,380.67999267578125,202854
2026-04-06T16:20:00.000Z,380.67999267578125,381.4599914550781,380.2900085449219,380.8550109863281,271672
2026-04-06T16:25:00.000Z,380.82501220703125,381.81988525390625,380.7799987792969,381.2349853515625,295913
2026-04-06T16:30:00.000Z,381.2200012207031,381.5599060058594,380.510009765625,381.1199951171875,201979
2026-04-06T16:35:00.000Z,381.1300048828125,381.79998779296875,381.0199890136719,381.3468017578125,218595
2026-04-06T16:40:00.000Z,381.46990966796875,381.760009765625,381.1549987792969,381.5849914550781,191162
2026-04-06T16:45:00.000Z,381.6300048828125,382.6783142089844,381.3728942871094,381.8999938964844,282385
2026-04-06T16:50:00.000Z,381.9049987792969,382.1099853515625,381.0201110839844,381.510009765625,247250
2026-04-06T16:55:00.000Z,381.57000732421875,381.95001220703125,380.5000915527344,380.989990234375,244291
2026-04-06T17:00:00.000Z,380.79998779296875,381.04730224609375,378.5199890136719,379.1000061035156,393762
2026-04-06T17:05:00.000Z,379.1000061035156,380.1299133300781,378.5101013183594,379,345238
2026-04-06T17:10:00.000Z,379.0722961425781,379.1799011230469,376.510009765625,377.5299987792969,470137
2026-04-06T17:15:00.000Z,377.59130859375,378.55999755859375,377.07000732421875,378.3800048828125,313062
2026-04-06T17:20:00.000Z,378.3399963378906,379.96990966796875,377.05999755859375,379.739990234375,420557
2026-04-06T17:25:00.000Z,379.739990234375,380.8999938964844,379.4200134277344,380.7598876953125,363830
2026-04-06T17:30:00.000Z,380.75,381.6600036621094,379.510498046875,379.5799865722656,436663
2026-04-06T17:35:00.000Z,379.5613098144531,380.510009765625,379.2300109863281,379.3900146484375,241706
2026-04-06T17:40:00.000Z,379.3800048828125,379.7200012207031,378.610595703125,378.6300048828125,227233
2026-04-06T17:45:00.000Z,378.69000244140625,378.95001220703125,377.9223937988281,378.92498779296875,263955
2026-04-06T17:50:00.000Z,378.92498779296875,379.0199890136719,378.2799987792969,378.5400085449219,180284
2026-04-06T17:55:00.000Z,378.6094055175781,379,378.110107421875,378.13128662109375,155282
2026-04-06T18:00:00.000Z,378.20001220703125,378.7698974609375,377.82000732421875,378.0199890136719,194545
2026-04-06T18:05:00.000Z,378.0044860839844,379.239990234375,378.0044860839844,379.16009521484375,242759
2026-04-06T18:10:00.000Z,379.2349853515625,380.8800048828125,379.1600036621094,380.6400146484375,368027
2026-04-06T18:15:00.000Z,380.7898864746094,380.7898864746094,379.090087890625,380.2900085449219,252525
2026-04-06T18:20:00.000Z,380.2149963378906,380.3599853515625,379.30499267578125,379.8252868652344,180514
2026-04-06T18:25:00.000Z,379.8699951171875,380.1199951171875,378.84130859375,379.5589904785156,237580
2026-04-06T18:30:00.000Z,379.4599914550781,380.2300109863281,379.10009765625,379.51739501953125,216495
2026-04-06T18:35:00.000Z,379.57000732421875,380.29998779296875,379.44000244140625,379.7349853515625,236738
2026-04-06T18:40:00.000Z,379.7349853515625,379.96990966796875,379.3299865722656,379.6000061035156,171863
2026-04-06T18:45:00.000Z,379.6000061035156,380.5400085449219,379.54998779296875,380.42999267578125,248004
2026-04-06T18:50:00.000Z,380.4599914550781,380.7275085449219,379.75,380.510009765625,224874
2026-04-06T18:55:00.000Z,380.5350036621094,380.6499938964844,379.7200012207031,379.8503112792969,200516
2026-04-06T19:00:00.000Z,379.94000244140625,380.25,379.1700134277344,379.6300048828125,205822
2026-04-06T19:05:00.000Z,379.6000061035156,379.8900146484375,378.79998779296875,378.79998779296875,249993
2026-04-06T19:10:00.000Z,378.7605895996094,378.9798889160156,378.0400085449219,378.489990234375,288116
2026-04-06T19:15:00.000Z,378.4175109863281,379.5299987792969,378.1326904296875,379.510009765625,298494
2026-04-06T19:20:00.000Z,379.4949951171875,379.54998779296875,377.8500061035156,377.989990234375,361205
2026-04-06T19:25:00.000Z,377.9599914550781,379.2699890136719,377.8027038574219,378.40240478515625,314045
2026-04-06T19:30:00.000Z,378.3800048828125,378.7099914550781,376.8699951171875,378.614990234375,462110
2026-04-06T19:35:00.000Z,378.6000061035156,379.70001220703125,378.5101013183594,378.9649963378906,465748
2026-04-06T19:40:00.000Z,378.92999267578125,379.6000061035156,377.5600891113281,377.70001220703125,333736
2026-04-06T19:45:00.000Z,377.7835998535156,378.17999267578125,377.2401123046875,377.7300109863281,375568
2026-04-06T19:50:00.000Z,377.7699890136719,378.739990234375,377.0190124511719,377.4200134277344,595770
2026-04-06T19:55:00.000Z,377.74798583984375,378.0799865722656,376.9599914550781,377.6199951171875,927572
2026-04-06T20:00:00.000Z,377.76,378,377.11,377.69,0
2026-04-06T20:05:00.000Z,377.4,378.8214,376.55,376.86,0
2026-04-06T20:10:00.000Z,376.93,377.76,376.8,376.83,0
2026-04-06T20:15:00.000Z,377.76,377.76,376.55,376.98,0
2026-04-06T20:20:00.000Z,377.76,377.76,376.55,376.8499,0
2026-04-06T20:25:00.000Z,376.83,376.96,376.8,376.9,0
2026-04-06T20:30:00.000Z,376.8209,377.55,376.82,377.39,0
2026-04-06T20:35:00.000Z,377.43,377.65,377.16,377.35,0
2026-04-06T20:40:00.000Z,377.41,377.5784,377.3,377.3799,0
2026-04-06T20:45:00.000Z,377.58,377.58,377.16,377.18,0
2026-04-06T20:50:00.000Z,377.25,377.3253,377.17,377.29,0
2026-04-06T20:55:00.000Z,382.09,382.09,377.2009,377.2578,0
2026-04-06T21:00:00.000Z,377.32,377.35,377.05,377.1,0
2026-04-06T21:05:00.000Z,377.17,377.3175,377.07,377.08,0
2026-04-06T21:10:00.000Z,377.07,377.35,377.07,377.2543,0
2026-04-06T21:15:00.000Z,377.1,377.55,377.08,377.47,0
2026-04-06T21:20:00.000Z,377.47,378.38,377.4434,378.061,0
2026-04-06T21:25:00.000Z,378.061,378.31,377.578,377.8,0
2026-04-06T21:30:00.000Z,378,378.5,378,378.387,0
2026-04-06T21:35:00.000Z,378.3982,378.5,378.3,378.45,0
2026-04-06T21:40:00.000Z,378.45,378.83,378.43,378.54,0
2026-04-06T21:45:00.000Z,378.54,378.71,378.17,378.17,0
2026-04-06T21:50:00.000Z,378.4136,378.45,378.17,378.27,0
2026-04-06T21:55:00.000Z,378.38,378.4223,378.17,378.2,0
2026-04-06T22:00:00.000Z,378.17,378.5,377.5701,378.5,0
2026-04-06T22:05:00.000Z,378.3,378.8,378.21,378.33,0
2026-04-06T22:10:00.000Z,378.5,378.7,378.34,378.55,0
2026-04-06T22:15:00.000Z,378.5084,378.674,378.47,378.59,0
2026-04-06T22:20:00.000Z,378.6889,378.69,377.37,377.6996,0
2026-04-06T22:25:00.000Z,378,378.1,377.08,377.8,0
2026-04-06T22:30:00.000Z,377.67,378,377.08,377.7,0
2026-04-06T22:35:00.000Z,377.53,377.7685,377.29,377.5,0
2026-04-06T22:40:00.000Z,377.7,378.49,377.4,378.4,0
2026-04-06T22:45:00.000Z,378.4,378.6988,378.0637,378.6988,0
2026-04-06T22:50:00.000Z,378.6,379.16,378.3,378.9,0
2026-04-06T22:55:00.000Z,378.9,378.95,378.26,378.6,0
2026-04-06T23:00:00.000Z,378.6416,380.99,378.6,380.4999,0
2026-04-06T23:05:00.000Z,380.5,380.88,379.1,380.76,0
2026-04-06T23:10:00.000Z,380.88,381.5,380.75,381.27,0
2026-04-06T23:15:00.000Z,381.25,381.2925,380.53,380.77,0
2026-04-06T23:20:00.000Z,380.76,380.76,380.05,380.13,0
2026-04-06T23:25:00.000Z,380.38,380.5,380.13,380.2,0
2026-04-06T23:30:00.000Z,380.15,380.39,379.5,380.1754,0
2026-04-06T23:35:00.000Z,380.04,380.2,379.5,379.88,0
2026-04-06T23:40:00.000Z,379.52,380,379.52,379.97,0
2026-04-06T23:45:00.000Z,380.06,380.15,379.7,379.8527,0
2026-04-06T23:50:00.000Z,379.91,380.2,379.7,380.1,0
2026-04-06T23:55:00.000Z,380.08,380.76,379.33,379.35,0
2026-04-07T08:00:00.000Z,378.67,379.64,375.03,378.6,0
2026-04-07T08:05:00.000Z,378.6,379.4988,378,379.32,0
2026-04-07T08:10:00.000Z,379.32,379.64,379,379.32,0
2026-04-07T08:15:00.000Z,379.58,379.9,378.5,379.5,0
2026-04-07T08:20:00.000Z,379.49,381,379.21,380.47,0
2026-04-07T08:25:00.000Z,380.38,380.8385,379.5,379.81,0
2026-04-07T08:30:00.000Z,379.7,380.8339,379.5,380.36,0
2026-04-07T08:35:00.000Z,380.86,381.13,380.5,380.7748,0
2026-04-07T08:40:00.000Z,380.75,380.95,380,380.47,0
2026-04-07T08:45:00.000Z,380.5,380.6852,379.5,380.38,0
2026-04-07T08:50:00.000Z,380.36,380.5,380,380.1,0
2026-04-07T08:55:00.000Z,380.1,380.66,379.8454,380.58,0
2026-04-07T09:00:00.000Z,380.74,380.97,380.23,380.96,0
2026-04-07T09:05:00.000Z,380.78,380.9,380.09,380.88,0
2026-04-07T09:10:00.000Z,380.88,381.4,380.5209,381.02,0
2026-04-07T09:15:00.000Z,380.98,381.9076,380.76,381.59,0
2026-04-07T09:20:00.000Z,381.59,381.59,380.78,381.37,0
2026-04-07T09:25:00.000Z,381.41,381.6379,380.54,381.3,0
2026-04-07T09:30:00.000Z,381.24,381.35,380.56,381.35,0
2026-04-07T09:35:00.000Z,381.28,381.41,380.982,381.18,0
2026-04-07T09:40:00.000Z,380.88,381.4,380.52,380.65,0
2026-04-07T09:45:00.000Z,380.61,381.28,380.1,380.65,0
2026-04-07T09:50:00.000Z,380.9,381,380.25,380.28,0
2026-04-07T09:55:00.000Z,380.41,380.52,380.228,380.35,0
2026-04-07T10:00:00.000Z,380.33,380.52,379.8,379.844,0
2026-04-07T10:05:00.000Z,379.8686,380.6988,378,379.01,0
2026-04-07T10:10:00.000Z,379.1,379.8847,378.0853,379.02,0
2026-04-07T10:15:00.000Z,379.07,379.94,379.02,379.5,0
2026-04-07T10:20:00.000Z,379.077,380,378.3518,378.8,0
2026-04-07T10:25:00.000Z,378.51,379,377.15,378.1,0
2026-04-07T10:30:00.000Z,378.1,378.1,376.79,377.12,0
2026-04-07T10:35:00.000Z,377.12,377.68,376.08,376.08,0
2026-04-07T10:40:00.000Z,376,377.42,375.91,376.7,0
2026-04-07T10:45:00.000Z,376.6344,377.2,374.73,375.25,0
2026-04-07T10:50:00.000Z,375.15,375.5218,373,374,0
2026-04-07T10:55:00.000Z,374.448,374.8,373.3,373.8,0
2026-04-07T11:00:00.000Z,373.685,377.76,371.8,372.4428,0
2026-04-07T11:05:00.000Z,372.31,374,372.2,373.89,0
2026-04-07T11:10:00.000Z,373.7625,374.6161,373,374.11,0
2026-04-07T11:15:00.000Z,374.11,374.96,373.6,374.01,0
2026-04-07T11:20:00.000Z,374.11,374.35,373.5,374.05,0
2026-04-07T11:25:00.000Z,373.73,375,373.55,373.87,0
2026-04-07T11:30:00.000Z,373.82,374.62,372.92,373.22,0
2026-04-07T11:35:00.000Z,373.36,373.97,372.22,373.5,0
2026-04-07T11:40:00.000Z,373.5,374.18,373.19,373.9319,0
2026-04-07T11:45:00.000Z,374,374.3523,373.61,374.2,0
2026-04-07T11:50:00.000Z,374,374.2,372.73,373.18,0
2026-04-07T11:55:00.000Z,373,373.5,372.73,373.4511,0
2026-04-07T12:00:00.000Z,373.49,373.5,372.04,372.2017,0
2026-04-07T12:05:00.000Z,372.05,372.78,370.15,371.49,0
2026-04-07T12:10:00.000Z,371.5,371.7061,369.42,369.44,0
2026-04-07T12:15:00.000Z,369.42,371.44,368.38,370,0
2026-04-07T12:20:00.000Z,370.24,372,369.8,371.34,0
2026-04-07T12:25:00.000Z,371.28,371.28,369.1,370.005,0
2026-04-07T12:30:00.000Z,369.865,371.79,369,370.76,0
2026-04-07T12:35:00.000Z,370.6218,370.6618,369.42,370.11,0
2026-04-07T12:40:00.000Z,369.91,370.3391,369.08,369.6921,0
2026-04-07T12:45:00.000Z,369.69,370.5,368.88,369.3393,0
2026-04-07T12:50:00.000Z,369.37,370.15,368.8,370.11,0
2026-04-07T12:55:00.000Z,370,371.79,369.47,370.16,0
2026-04-07T13:00:00.000Z,370.28,370.6168,369.9,370,0
2026-04-07T13:05:00.000Z,370,371.7405,370,370.92,0
2026-04-07T13:10:00.000Z,370.99,371.5,370.25,370.9,0
2026-04-07T13:15:00.000Z,370.8727,371.35,370.12,370.3,0
2026-04-07T13:20:00.000Z,370.36,371.5,370.2287,371.0404,0
2026-04-07T13:25:00.000Z,371,374.8,370.6,374,0
2026-04-07T13:30:00.000Z,374.125,379.2499084472656,373.6211853027344,377.3904113769531,3065474
2026-04-07T13:35:00.000Z,377.30999755859375,378,375.10009765625,376.7398986816406,800261
2026-04-07T13:40:00.000Z,376.5545959472656,378,374,374.7099914550781,710970
2026-04-07T13:45:00.000Z,374.8800048828125,375.07000732421875,370.70001220703125,371.2699890136719,899002
2026-04-07T13:50:00.000Z,371.2749938964844,372.08349609375,369.70001220703125,370.489990234375,697019
2026-04-07T13:55:00.000Z,370.4700012207031,371.2698974609375,368.12200927734375,368.1600036621094,620842
2026-04-07T14:00:00.000Z,368.1300048828125,368.5491027832031,366.4599914550781,366.7099914550781,811298
2026-04-07T14:05:00.000Z,366.6600036621094,366.6600036621094,364.1000061035156,364.7998962402344,884051
2026-04-07T14:10:00.000Z,364.79998779296875,367.11981201171875,364.79998779296875,367.06500244140625,780700
2026-04-07T14:15:00.000Z,367.1199951171875,369.29998779296875,367.1199951171875,368.9399108886719,661619
2026-04-07T14:20:00.000Z,368.92999267578125,372.19000244140625,368.7200012207031,371.94500732421875,712663
2026-04-07T14:25:00.000Z,371.9200134277344,371.92999267578125,369.3599853515625,370.375,705218
2026-04-07T14:30:00.000Z,370.3800048828125,371.4999084472656,369.5199890136719,370.78509521484375,420634
2026-04-07T14:35:00.000Z,370.8800048828125,371.09991455078125,368.70001220703125,369.0050048828125,370632
2026-04-07T14:40:00.000Z,368.94000244140625,369.89990234375,368.5799865722656,369.20001220703125,324836
2026-04-07T14:45:00.000Z,369.2101135253906,370.58990478515625,368.3843994140625,369.05499267578125,387227
2026-04-07T14:50:00.000Z,369.05499267578125,369.7065124511719,368.10198974609375,369.18011474609375,278684
2026-04-07T14:55:00.000Z,369.1199951171875,369.1199951171875,366.70001220703125,366.8900146484375,350724
2026-04-07T15:00:00.000Z,366.8349914550781,367.42999267578125,366,366.8500061035156,375749
2026-04-07T15:05:00.000Z,366.67999267578125,366.67999267578125,364.6400146484375,365.1499938964844,481916
2026-04-07T15:10:00.000Z,365.32000732421875,367.6600036621094,365.2099914550781,367.6600036621094,554730
2026-04-07T15:15:00.000Z,367.69000244140625,369.2300109863281,366.8500061035156,367.92498779296875,458685
2026-04-07T15:20:00.000Z,367.9800109863281,368.3599853515625,367.2809143066406,368.2449951171875,228175
2026-04-07T15:25:00.000Z,368.20001220703125,370.14990234375,368.12969970703125,369.9949951171875,392808
2026-04-07T15:30:00.000Z,370.04998779296875,371.19989013671875,369.539306640625,370.760009765625,309635
2026-04-07T15:35:00.000Z,370.7532958984375,371.7099914550781,369.70001220703125,369.9450988769531,533231
2026-04-07T15:40:00.000Z,369.93499755859375,370.489990234375,369.510009765625,370.1000061035156,222822
2026-04-07T15:45:00.000Z,370.1499938964844,371.1600036621094,369.9901123046875,371.0299987792969,234530
2026-04-07T15:50:00.000Z,370.94000244140625,371.8598937988281,370.6000061035156,371.7749938964844,236918
2026-04-07T15:55:00.000Z,371.75,373.489990234375,371.5799865722656,372.864990234375,555960
2026-04-07T16:00:00.000Z,372.8699951171875,377.04998779296875,372.5899963378906,375.6698913574219,715690
2026-04-07T16:05:00.000Z,375.5199890136719,375.94000244140625,373.70001220703125,373.9200134277344,403157
2026-04-07T16:10:00.000Z,373.9150085449219,375.20001220703125,373.8299865722656,374.739990234375,299895
2026-04-07T16:15:00.000Z,374.6499938964844,374.7799987792969,372.79998779296875,372.8349914550781,321657
2026-04-07T16:20:00.000Z,372.7900085449219,374.29998779296875,372.3699951171875,373.5799865722656,333828
2026-04-07T16:25:00.000Z,373.55499267578125,374,372.1000061035156,372.7349853515625,308800
2026-04-07T16:30:00.000Z,372.6199951171875,373.7099914550781,372.45001220703125,373.6339111328125,192569
2026-04-07T16:35:00.000Z,373.4700012207031,373.9800109863281,373.19000244140625,373.8900146484375,211821
2026-04-07T16:40:00.000Z,373.8900146484375,374.301513671875,373.17999267578125,373.92498779296875,266991
2026-04-07T16:45:00.000Z,373.8699951171875,375.1199951171875,373.8699951171875,374.7300109863281,265952
2026-04-07T16:50:00.000Z,374.7300109863281,375.3800048828125,374.4100036621094,375.2651062011719,208258
2026-04-07T16:55:00.000Z,375.2950134277344,375.69989013671875,374.70001220703125,374.82000732421875,273430
2026-04-07T17:00:00.000Z,374.75,376.4200134277344,374.45001220703125,376.32000732421875,309070
2026-04-07T17:05:00.000Z,376.29998779296875,376.8410949707031,375.60009765625,375.6300048828125,241237
2026-04-07T17:10:00.000Z,375.6000061035156,376.38800048828125,375.5000915527344,375.8399963378906,156888
2026-04-07T17:15:00.000Z,375.79998779296875,376.17999267578125,374.79998779296875,375.30010986328125,212070
2026-04-07T17:20:00.000Z,375.29998779296875,375.44000244140625,374.35009765625,375.010009765625,201450
2026-04-07T17:25:00.000Z,375.0299987792969,375.3599853515625,374.4400939941406,375.0050048828125,125177
2026-04-07T17:30:00.000Z,375.0199890136719,376.6300048828125,374.8599853515625,376.3699951171875,198180
2026-04-07T17:35:00.000Z,376.4200134277344,378.45989990234375,376.3699951171875,376.760009765625,492542
2026-04-07T17:40:00.000Z,376.8799133300781,376.8799133300781,375.6600036621094,376.3900146484375,234125
2026-04-07T17:45:00.000Z,376.2900085449219,376.8799133300781,375.8299865722656,376.3699951171875,229920
2026-04-07T17:50:00.000Z,376.3443908691406,376.6300048828125,375.6000061035156,375.75,195296
2026-04-07T17:55:00.000Z,375.7099914550781,376.260009765625,375.28009033203125,376.19000244140625,146585
2026-04-07T18:00:00.000Z,376.1499938964844,376.71990966796875,375.6199951171875,375.7701110839844,238065
2026-04-07T18:05:00.000Z,375.7699890136719,375.8699951171875,375.1499938964844,375.2699890136719,246260
2026-04-07T18:10:00.000Z,375.2099914550781,375.6099853515625,374.6239929199219,375.2101135253906,238594
2026-04-07T18:15:00.000Z,375.260009765625,376.0400085449219,375.2300109863281,375.82000732421875,169169
2026-04-07T18:20:00.000Z,375.7699890136719,376.29998779296875,375.5000915527344,376.07501220703125,167754
2026-04-07T18:25:00.000Z,376.1000061035156,376.4599914550781,375.1300048828125,375.5849914550781,166653
2026-04-07T18:30:00.000Z,375.5455017089844,376.14990234375,375.2799987792969,375.8299865722656,123746
2026-04-07T18:35:00.000Z,375.8699035644531,376.0899963378906,375.1200866699219,375.3299865722656,164752
2026-04-07T18:40:00.000Z,375.239990234375,375.3948059082031,373.7099914550781,373.78509521484375,294138
2026-04-07T18:45:00.000Z,373.7749938964844,373.79998779296875,372.5,372.8800964355469,327076
2026-04-07T18:50:00.000Z,372.92999267578125,373.1499938964844,371.0299987792969,371.375,315763
2026-04-07T18:55:00.000Z,371.4100036621094,371.5,370.42010498046875,371.1600036621094,858968
2026-04-07T19:00:00.000Z,371.1700134277344,372.5899963378906,370.7701110839844,371.510009765625,370445
2026-04-07T19:05:00.000Z,371.4800109863281,371.5050048828125,369.7799987792969,370.67498779296875,433324
2026-04-07T19:10:00.000Z,370.55999755859375,372.07989501953125,370.4700012207031,371.9999084472656,320536
2026-04-07T19:15:00.000Z,371.93499755859375,373.3900146484375,370.8500061035156,373.07000732421875,507080
2026-04-07T19:20:00.000Z,373.0299987792969,374.46990966796875,372,372.7099914550781,587463
2026-04-07T19:25:00.000Z,372.6300048828125,372.6300048828125,368.8800048828125,371.3550109863281,618485
2026-04-07T19:30:00.000Z,371.1600036621094,372.17999267578125,370.1400146484375,370.6099853515625,410184
2026-04-07T19:35:00.000Z,370.7099914550781,372.8500061035156,370.3299865722656,372.7300109863281,406426
2026-04-07T19:40:00.000Z,372.6499938964844,373.9356994628906,372.3800048828125,373.8599853515625,421325
2026-04-07T19:45:00.000Z,373.6600036621094,376.83990478515625,373.5201110839844,375.6170959472656,797896
2026-04-07T19:50:00.000Z,375.8599853515625,377.3800048828125,375.6400146484375,376.54998779296875,599485
2026-04-07T19:55:00.000Z,376.54998779296875,377.8500061035156,376.54998779296875,377.70001220703125,994936
2026-04-07T20:00:00.000Z,377.58,378.25,377.55,378.05,0
2026-04-07T20:05:00.000Z,378.05,378.4623,372.3693,378.2,0
2026-04-07T20:10:00.000Z,378.2117,378.5,377.58,378.2101,0
2026-04-07T20:15:00.000Z,378.2217,378.49,377.57,377.8101,0
2026-04-07T20:20:00.000Z,377.9558,378,377.01,377.17,0
2026-04-07T20:25:00.000Z,377.12,377.8,377.11,377.28,0
2026-04-07T20:30:00.000Z,377.2631,378.8,377.2471,378.59,0
2026-04-07T20:35:00.000Z,378.1851,378.52,377.58,378.0591,0
2026-04-07T20:40:00.000Z,378.01,379.64,377.58,379.23,0
2026-04-07T20:45:00.000Z,379.21,379.4,378.11,379.16,0
2026-04-07T20:50:00.000Z,379.1,379.39,378.5,379.2884,0
2026-04-07T20:55:00.000Z,379.2,379.7,378.5,379.6,0
2026-04-07T21:00:00.000Z,379.52,379.89,379.05,379.88,0
2026-04-07T21:05:00.000Z,379.88,379.97,360.6225,379.5656,0
2026-04-07T21:10:00.000Z,379.68,379.68,378.5,379.1001,0
2026-04-07T21:15:00.000Z,379.2,379.5,379.2,379.5,0
2026-04-07T21:20:00.000Z,379.3347,379.5,379.25,379.4,0
2026-04-07T21:25:00.000Z,379.5,379.6,378.9,379.18,0
2026-04-07T21:30:00.000Z,379.1703,379.5,379.1,379.35,0
2026-04-07T21:35:00.000Z,379.35,379.97,379.15,379.969,0
2026-04-07T21:40:00.000Z,379.96,380.8799,379.76,380.87,0
2026-04-07T21:45:00.000Z,380.8423,380.8423,380.3501,380.59,0
2026-04-07T21:50:00.000Z,380.5,380.68,380,380.265,0
2026-04-07T21:55:00.000Z,380.4,381,377.58,381,0
2026-04-07T22:00:00.000Z,381,384.97,381,384.7,0
2026-04-07T22:05:00.000Z,384.6,386,384.6,385.59,0
2026-04-07T22:10:00.000Z,385.6,385.75,384.0125,384.85,0
2026-04-07T22:15:00.000Z,384.51,384.85,382.15,383.96,0
2026-04-07T22:20:00.000Z,384,384.99,383.85,384.95,0
2026-04-07T22:25:00.000Z,384.78,384.84,383.75,384.45,0
2026-04-07T22:30:00.000Z,384.2,386.5,379.5,385.54,0
2026-04-07T22:35:00.000Z,385.7,397,385.5,394.16,0
2026-04-07T22:40:00.000Z,394.1,395,390,391.5,0
2026-04-07T22:45:00.000Z,391.4,393.86,391.2,392.81,0
2026-04-07T22:50:00.000Z,392.86,396.5,392.75,395.6,0
2026-04-07T22:55:00.000Z,395.6,397.7,394.05,397.06,0
2026-04-07T23:00:00.000Z,397.3,398,395.68,396.98,0
2026-04-07T23:05:00.000Z,397.01,397.01,395.5,396.482,0
2026-04-07T23:10:00.000Z,396.28,397.95,394.77,397.38,0
2026-04-07T23:15:00.000Z,397.38,399.88,397.38,399.2,0
2026-04-07T23:20:00.000Z,399.2234,408.7,399.2234,407,0
2026-04-07T23:25:00.000Z,406.9952,407,401.55,402.44,0
2026-04-07T23:30:00.000Z,402.4842,404.5,399.91,400.06,0
2026-04-07T23:35:00.000Z,400.06,402.4,398.56,400.93,0
2026-04-07T23:40:00.000Z,400.81,401.37,399.25,399.72,0
2026-04-07T23:45:00.000Z,399.5,402,399.32,401.45,0
2026-04-07T23:50:00.000Z,401.45,402.5,400.22,401.4,0
2026-04-07T23:55:00.000Z,401.32,402.39,400.6,401.5,0
2026-04-08T08:00:00.000Z,408.0362,412.85,377.58,410.17,0
2026-04-08T08:05:00.000Z,410.01,411.31,409.5,410.55,0
2026-04-08T08:10:00.000Z,410.5,412.8,406.75,409.8863,0
2026-04-08T08:15:00.000Z,409.91,411.2,409.55,411.2,0
2026-04-08T08:20:00.000Z,411.2,412.47,411,412.18,0
2026-04-08T08:25:00.000Z,412.07,413.95,411.94,413.95,0
2026-04-08T08:30:00.000Z,413.99,416.49,413.9,415.77,0
2026-04-08T08:35:00.000Z,415.8,416,414.42,414.8,0
2026-04-08T08:40:00.000Z,414.8602,415,413.7,413.89,0
2026-04-08T08:45:00.000Z,413.9955,416,413.8,415.5312,0
2026-04-08T08:50:00.000Z,415.61,416,415.29,415.53,0
2026-04-08T08:55:00.000Z,415.67,418.43,415.62,418.29,0
2026-04-08T09:00:00.000Z,418.39,420.71,418.13,418.48,0
2026-04-08T09:05:00.000Z,418.3,420.4455,418.3,419.49,0
2026-04-08T09:10:00.000Z,419.95,420,418.4156,418.7,0
2026-04-08T09:15:00.000Z,418.7,419,418.09,418.49,0
2026-04-08T09:20:00.000Z,418.32,419.36,418.32,419.2,0
2026-04-08T09:25:00.000Z,419.12,419.12,418.16,418.71,0
2026-04-08T09:30:00.000Z,418.68,418.89,417.37,417.37,0
2026-04-08T09:35:00.000Z,417.5,418.46,416.99,418.0303,0
2026-04-08T09:40:00.000Z,418,418.0225,416.8,417.27,0
2026-04-08T09:45:00.000Z,417.02,417.55,416.82,417.29,0
2026-04-08T09:50:00.000Z,417.3739,418.8,417.31,417.995,0
2026-04-08T09:55:00.000Z,418,418.3,417.22,417.34,0
2026-04-08T10:00:00.000Z,417.567,417.8,417.15,417.7441,0
2026-04-08T10:05:00.000Z,417.6,417.8,417.2,417.25,0
2026-04-08T10:10:00.000Z,417.35,417.65,416.8,417.08,0
2026-04-08T10:15:00.000Z,417.1,417.7364,416.9,417.26,0
2026-04-08T10:20:00.000Z,417.29,417.4,416.3,416.36,0
2026-04-08T10:25:00.000Z,416.39,416.9628,416,416.3,0
2026-04-08T10:30:00.000Z,416.25,416.8,416,416.24,0
2026-04-08T10:35:00.000Z,416.6,416.6,415.32,415.33,0
2026-04-08T10:40:00.000Z,415.33,416,414.72,415.25,0
2026-04-08T10:45:00.000Z,415.2,415.51,413.11,414,0
2026-04-08T10:50:00.000Z,414.1254,415.2,413.88,414.21,0
2026-04-08T10:55:00.000Z,414.234,414.5,412.0103,412.0408,0
2026-04-08T11:00:00.000Z,412.49,413.66,377.58,411.66,0
2026-04-08T11:05:00.000Z,411.66,412.8,410.62,412.39,0
2026-04-08T11:10:00.000Z,412.38,412.66,411,411.65,0
2026-04-08T11:15:00.000Z,411.6,411.7484,410,410.4,0
2026-04-08T11:20:00.000Z,410.69,412.44,410,412.4,0
2026-04-08T11:25:00.000Z,412.3234,414.16,412.2,413.42,0
2026-04-08T11:30:00.000Z,413.44,414.14,412.625,413.7,0
2026-04-08T11:35:00.000Z,413.7,413.8,412.6,413.17,0
2026-04-08T11:40:00.000Z,413.0746,413.75,412.65,413.7,0
2026-04-08T11:45:00.000Z,413.7,414,413.2,413.7,0
2026-04-08T11:50:00.000Z,413.7,414.46,412.6,412.93,0
2026-04-08T11:55:00.000Z,412.93,413.5,411.78,411.78,0
2026-04-08T12:00:00.000Z,411.79,413.98,411.79,413.75,0
2026-04-08T12:05:00.000Z,413.63,413.85,411.95,412.25,0
2026-04-08T12:10:00.000Z,412.05,412.5,411.3103,412.5,0
2026-04-08T12:15:00.000Z,412.41,412.7,410.8,410.99,0
2026-04-08T12:20:00.000Z,410.8181,411.09,408.8,409.99,0
2026-04-08T12:25:00.000Z,409.07,410.2998,408.88,408.88,0
2026-04-08T12:30:00.000Z,409.174,411.5,408.89,410.23,0
2026-04-08T12:35:00.000Z,410.25,410.31,409.3,409.91,0
2026-04-08T12:40:00.000Z,409.81,410,409.2,409.99,0
2026-04-08T12:45:00.000Z,409.96,411,409.53,410,0
2026-04-08T12:50:00.000Z,410,411.3393,409.89,411.0391,0
2026-04-08T12:55:00.000Z,411.09,411.74,410.41,411.17,0
2026-04-08T13:00:00.000Z,411.33,412.235,410.85,410.8801,0
2026-04-08T13:05:00.000Z,410.88,411.5,410.6,411.48,0
2026-04-08T13:10:00.000Z,411.46,412.25,410.91,411.5844,0
2026-04-08T13:15:00.000Z,411.65,411.89,410.78,411.2,0
2026-04-08T13:20:00.000Z,411.18,411.77,409.68,410,0
2026-04-08T13:25:00.000Z,409.96,416.264,409.91,415.75,0
2026-04-08T13:30:00.000Z,415.1300048828125,415.989990234375,408.8900146484375,410.67498779296875,8411276
2026-04-08T13:35:00.000Z,410.6700134277344,415.3799133300781,409.80999755859375,410.2099914550781,1753882
2026-04-08T13:40:00.000Z,410.2099914550781,411.5,407.2300109863281,408.05999755859375,1556252
2026-04-08T13:45:00.000Z,408.21990966796875,410.3699951171875,407.0899963378906,408.82000732421875,1045923
2026-04-08T13:50:00.000Z,408.92999267578125,408.92999267578125,404.3500061035156,404.70001220703125,1247779
2026-04-08T13:55:00.000Z,404.55999755859375,407.19000244140625,403.8299865722656,406.43499755859375,911474
2026-04-08T14:00:00.000Z,406.3599853515625,409.17999267578125,406.3599853515625,407.40008544921875,793155
2026-04-08T14:05:00.000Z,407.46600341796875,408.8500061035156,406.2200927734375,406.6050109863281,569885
2026-04-08T14:10:00.000Z,406.6700134277344,407.114990234375,404.20001220703125,404.8900146484375,620169
2026-04-08T14:15:00.000Z,404.8800964355469,406.29998779296875,403.8800048828125,405.2699890136719,621563
2026-04-08T14:20:00.000Z,405.29998779296875,409.42999267578125,405.114990234375,409.1099853515625,737211
2026-04-08T14:25:00.000Z,409.1000061035156,410.1524963378906,407.6300048828125,407.7099914550781,767311
2026-04-08T14:30:00.000Z,407.7799987792969,408.75,406.0101013183594,406.79998779296875,565437
2026-04-08T14:35:00.000Z,406.68499755859375,407.30999755859375,405.6000061035156,405.9999084472656,424053
2026-04-08T14:40:00.000Z,405.8699951171875,406.1206970214844,402.1300048828125,402.5,818499
2026-04-08T14:45:00.000Z,402.3299865722656,402.4700012207031,399.0504150390625,401.8299865722656,1264952
2026-04-08T14:50:00.000Z,401.989990234375,403.3900146484375,401.5,402.0899963378906,732349
2026-04-08T14:55:00.000Z,402,402.29998779296875,398.8800048828125,402.0799865722656,841716
2026-04-08T15:00:00.000Z,401.9949951171875,404.1400146484375,401.9949951171875,403.510009765625,663947
2026-04-08T15:05:00.000Z,403.5899963378906,405.17999267578125,402.25048828125,402.7049865722656,525070
2026-04-08T15:10:00.000Z,402.75,404.6700134277344,401.7301025390625,404.6300048828125,490861
2026-04-08T15:15:00.000Z,404.6000061035156,406.25,403.7301025390625,406.1700134277344,526759
2026-04-08T15:20:00.000Z,406.25,406.25,404.0400085449219,404.0400085449219,378077
2026-04-08T15:25:00.000Z,404.0899963378906,404.8099060058594,403.54010009765625,404.1700134277344,372909
2026-04-08T15:30:00.000Z,404.1700134277344,404.4999084472656,403.2721862792969,403.8800048828125,272779
2026-04-08T15:35:00.000Z,403.8349914550781,406.1000061035156,403.8349914550781,405.30999755859375,416267
2026-04-08T15:40:00.000Z,405.30999755859375,405.30999755859375,404.1543884277344,404.9849853515625,261253
2026-04-08T15:45:00.000Z,405.05499267578125,406,404.70001220703125,405.7950134277344,348440
2026-04-08T15:50:00.000Z,405.8500061035156,406.239990234375,405.44500732421875,405.7099914550781,292369
2026-04-08T15:55:00.000Z,405.75,406.3699951171875,405.6600036621094,406.06988525390625,262018
2026-04-08T16:00:00.000Z,406.01251220703125,407.510009765625,405.92999267578125,406.5719909667969,439849
2026-04-08T16:05:00.000Z,406.6199951171875,407.1600036621094,406.29998779296875,406.989990234375,290435
2026-04-08T16:10:00.000Z,406.989990234375,407,405.5299987792969,405.57000732421875,317415
2026-04-08T16:15:00.000Z,405.69989013671875,405.8500061035156,404.9800109863281,405.4700012207031,268389
2026-04-08T16:20:00.000Z,405.5400085449219,407.6499938964844,405.4100036621094,407.5950012207031,374562
2026-04-08T16:25:00.000Z,407.6000061035156,408,406.8299865722656,407.7550048828125,402381
2026-04-08T16:30:00.000Z,407.80999755859375,408.67999267578125,407.4801025390625,408.0201110839844,378949
2026-04-08T16:35:00.000Z,408.0849914550781,409.20001220703125,407.9551086425781,408.07000732421875,446261
2026-04-08T16:40:00.000Z,408.07000732421875,409.1199951171875,408.0199890136719,408.7699890136719,264474
2026-04-08T16:45:00.000Z,408.82000732421875,408.9898986816406,408.1600036621094,408.3299865722656,323975
2026-04-08T16:50:00.000Z,408.42999267578125,409.1000061035156,408.1300964355469,408.79998779296875,283415
2026-04-08T16:55:00.000Z,408.79998779296875,409.20001220703125,408.4903869628906,408.5249938964844,233064
2026-04-08T17:00:00.000Z,408.57000732421875,408.8299865722656,408,408.1650085449219,230314
2026-04-08T17:05:00.000Z,408.1650085449219,408.20989990234375,406.5799865722656,406.7349853515625,407423
2026-04-08T17:10:00.000Z,406.7349853515625,407.2900085449219,406.5299987792969,407.0400085449219,266874
2026-04-08T17:15:00.000Z,407.0150146484375,407.5199890136719,406.6000061035156,407.2099914550781,523831
2026-04-08T17:20:00.000Z,407.17999267578125,407.70001220703125,406.6700134277344,407.1499938964844,229965
2026-04-08T17:25:00.000Z,407.20001220703125,407.5450134277344,406.239990234375,406.68499755859375,355386
2026-04-08T17:30:00.000Z,406.7049865722656,407.2698974609375,406.45001220703125,407,199916
2026-04-08T17:35:00.000Z,406.9023132324219,407.1499938964844,405.6600036621094,406.625,242563
2026-04-08T17:40:00.000Z,406.6000061035156,407.29998779296875,406,406.9570007324219,258535
2026-04-08T17:45:00.000Z,406.92498779296875,407.64990234375,406.6000061035156,407.64910888671875,293014
2026-04-08T17:50:00.000Z,407.5849914550781,407.89990234375,405.3999938964844,405.8900146484375,272201
2026-04-08T17:55:00.000Z,405.8299865722656,406.29998779296875,405.54998779296875,406.1400146484375,181996
2026-04-08T18:00:00.000Z,406.0400085449219,406.8399963378906,405.510009765625,406.82000732421875,235817
2026-04-08T18:05:00.000Z,406.82000732421875,407.6741027832031,406.2900085449219,407.42010498046875,285674
2026-04-08T18:10:00.000Z,407.489990234375,407.6400146484375,406.8500061035156,407.3200988769531,252999
2026-04-08T18:15:00.000Z,407.3599853515625,407.8299865722656,404.75,405.739990234375,354527
2026-04-08T18:20:00.000Z,405.6499938964844,406.83990478515625,405.30999755859375,406.356201171875,268888
2026-04-08T18:25:00.000Z,406.3349914550781,406.3800048828125,405.1401062011719,405.1499938964844,339912
2026-04-08T18:30:00.000Z,405.0528869628906,405.79998779296875,405.0400085449219,405.54998779296875,269380
2026-04-08T18:35:00.000Z,405.57000732421875,405.79998779296875,404.5,404.5450134277344,243830
2026-04-08T18:40:00.000Z,404.510009765625,404.72088623046875,403.8800048828125,404.0179138183594,313088
2026-04-08T18:45:00.000Z,404.0299987792969,404.9100036621094,403.6000061035156,403.91009521484375,266316
2026-04-08T18:50:00.000Z,404,404.1300048828125,402.8699951171875,403.0849914550781,376660
2026-04-08T18:55:00.000Z,403.0849914550781,403.1300048828125,401.82000732421875,402.0199890136719,310327
2026-04-08T19:00:00.000Z,402.0199890136719,403.639892578125,401.75,402.5421142578125,381742
2026-04-08T19:05:00.000Z,402.5,404.3599853515625,402.08319091796875,404.2699890136719,641699
2026-04-08T19:10:00.000Z,404.260009765625,405.70001220703125,404.04998779296875,404.3550109863281,467190
2026-04-08T19:15:00.000Z,404.3464050292969,404.7439880371094,403.7099914550781,404.2300109863281,270803
2026-04-08T19:20:00.000Z,404.2200012207031,404.4599914550781,403.6499938964844,404.2200012207031,235874
2026-04-08T19:25:00.000Z,404.2900085449219,405.0299987792969,403.7699890136719,404.20001220703125,257266
2026-04-08T19:30:00.000Z,404.2300109863281,405.52301025390625,404.2300109863281,405.3299865722656,283756
2026-04-08T19:35:00.000Z,405.3500061035156,406.6400146484375,404.92840576171875,405.5,521391
2026-04-08T19:40:00.000Z,405.5,405.5950012207031,404.8721923828125,405.2749938964844,273707
2026-04-08T19:45:00.000Z,405.32000732421875,405.82000732421875,404.70111083984375,405.3599853515625,380617
2026-04-08T19:50:00.000Z,405.4100036621094,406.3500061035156,405.3999938964844,406.17999267578125,567918
2026-04-08T19:55:00.000Z,406.19000244140625,406.8999938964844,405.3800048828125,406.8599853515625,1156048
2026-04-08T20:00:00.000Z,406.73,407.2,405.81,406.9,0
2026-04-08T20:05:00.000Z,406.83,406.95,405.7,405.7,0
2026-04-08T20:10:00.000Z,406.73,406.73,405.1347,405.2031,0
2026-04-08T20:15:00.000Z,405.25,406.73,405.11,405.5,0
2026-04-08T20:20:00.000Z,406.73,406.73,405.17,405.68,0
2026-04-08T20:25:00.000Z,405.4,405.68,405.16,405.16,0
2026-04-08T20:30:00.000Z,405.15,405.35,404.8,404.8,0
2026-04-08T20:35:00.000Z,404.935,405,404.5,404.67,0
2026-04-08T20:40:00.000Z,404.67,404.67,404.02,404.39,0
2026-04-08T20:45:00.000Z,404.3,404.8,404.1,404.67,0
2026-04-08T20:50:00.000Z,404.8,406.73,404.4,404.41,0
2026-04-08T20:55:00.000Z,404.41,405.25,404.4,404.6,0
2026-04-08T21:00:00.000Z,404.6,405.2,404.5999,404.9,0
2026-04-08T21:05:00.000Z,404.9999,405.49,404.9999,405.36,0
2026-04-08T21:10:00.000Z,405.41,405.5,405.3,405.4065,0
2026-04-08T21:15:00.000Z,405.42,405.68,405.3506,405.68,0
2026-04-08T21:20:00.000Z,405.4,405.46,404.6,404.6247,0
2026-04-08T21:25:00.000Z,404.7,405,404.4594,404.68,0
2026-04-08T21:30:00.000Z,404.69,405,404.61,404.82,0
2026-04-08T21:35:00.000Z,404.8434,405.08,404.82,405,0
2026-04-08T21:40:00.000Z,405,405.25,405,405.21,0
2026-04-08T21:45:00.000Z,405.46,405.46,405,405.01,0
2026-04-08T21:50:00.000Z,405,405.4497,405,405.35,0
2026-04-08T21:55:00.000Z,405.35,405.49,405.2,405.49,0
2026-04-08T22:00:00.000Z,405.31,405.49,405.1,405.24,0
2026-04-08T22:05:00.000Z,405.3,405.48,405.1,405.3,0
2026-04-08T22:10:00.000Z,405.1673,405.35,404.75,404.88,0
2026-04-08T22:15:00.000Z,405,405,404.0801,404.2,0
2026-04-08T22:20:00.000Z,404.16,405.003,403.5,403.51,0
2026-04-08T22:25:00.000Z,403.67,404,403.03,403.65,0
2026-04-08T22:30:00.000Z,403.69,404,403.51,403.76,0
2026-04-08T22:35:00.000Z,403.98,404.3,403.75,404.1,0
2026-04-08T22:40:00.000Z,404.1,404.25,403.75,404.03,0
2026-04-08T22:45:00.000Z,403.75,404.02,403.21,403.68,0
2026-04-08T22:50:00.000Z,403.21,403.8,403.01,403.01,0
2026-04-08T22:55:00.000Z,403.01,403.15,402.03,402.28,0
2026-04-08T23:00:00.000Z,402.14,402.5,401.66,401.85,0
2026-04-08T23:05:00.000Z,402.27,402.9,401.85,402.17,0
2026-04-08T23:10:00.000Z,402.2,402.5,401.5,402.18,0
2026-04-08T23:15:00.000Z,402.35,402.78,402,402.29,0
2026-04-08T23:20:00.000Z,402.47,402.47,401.8,402.1,0
2026-04-08T23:25:00.000Z,402.13,402.4,402.01,402.2,0
2026-04-08T23:30:00.000Z,402.19,402.2131,401.78,402.18,0
2026-04-08T23:35:00.000Z,402.01,402.52,402.01,402.2,0
2026-04-08T23:40:00.000Z,402.23,402.25,401.5811,401.71,0
2026-04-08T23:45:00.000Z,401.9,402.2,401.7,401.71,0
2026-04-08T23:50:00.000Z,401.71,401.95,401,401.79,0
2026-04-08T23:55:00.000Z,401.79,401.95,401.5,401.9,0
2026-04-09T08:00:00.000Z,402,406.73,397.1,398.24,0
2026-04-09T08:05:00.000Z,398.16,398.4455,396.83,397.16,0
2026-04-09T08:10:00.000Z,397,402.69,395.51,396.32,0
2026-04-09T08:15:00.000Z,396.25,397.01,396,396.98,0
2026-04-09T08:20:00.000Z,396.9739,397.4192,395.6365,396.4,0
2026-04-09T08:25:00.000Z,396.4,396.63,395.83,395.94,0
2026-04-09T08:30:00.000Z,395.83,397.3488,395.83,397.03,0
2026-04-09T08:35:00.000Z,397,397.77,396.6,397.1,0
2026-04-09T08:40:00.000Z,397.39,398,396.72,397.98,0
2026-04-09T08:45:00.000Z,398,398.3,397.2578,397.2578,0
2026-04-09T08:50:00.000Z,397,397.1,396.5,396.75,0
2026-04-09T08:55:00.000Z,396.83,396.99,396.3,396.67,0
2026-04-09T09:00:00.000Z,396.67,397,396.3,396.72,0
2026-04-09T09:05:00.000Z,396.72,397.67,396.5,397.6,0
2026-04-09T09:10:00.000Z,397.8,398.27,397.3282,397.8954,0
2026-04-09T09:15:00.000Z,397.86,398.43,397.51,398.2173,0
2026-04-09T09:20:00.000Z,398.43,399.15,398.02,398.88,0
2026-04-09T09:25:00.000Z,398.8,399.44,398.7507,399.24,0
2026-04-09T09:30:00.000Z,399.2555,399.4997,398.46,398.5,0
2026-04-09T09:35:00.000Z,398.5,399.32,398.4,399.16,0
2026-04-09T09:40:00.000Z,399.36,400.98,399.36,400.7,0
2026-04-09T09:45:00.000Z,400.7,401.37,400.4,400.8,0
2026-04-09T09:50:00.000Z,400.9,401.23,400,400.74,0
2026-04-09T09:55:00.000Z,401.01,402.79,401.01,402.1,0
2026-04-09T10:00:00.000Z,402.5188,403.9,402.36,402.93,0
2026-04-09T10:05:00.000Z,402.9691,402.9691,402,402.19,0
2026-04-09T10:10:00.000Z,402.16,403.4,402.0291,403.1,0
2026-04-09T10:15:00.000Z,403.1,403.14,401.6,402.6,0
2026-04-09T10:20:00.000Z,402.5,403.7,402.15,403.7,0
2026-04-09T10:25:00.000Z,403.8991,405.97,403.88,405,0
2026-04-09T10:30:00.000Z,405.17,405.4505,403.44,403.44,0
2026-04-09T10:35:00.000Z,403.7,403.85,402.84,403.22,0
2026-04-09T10:40:00.000Z,403.2206,403.65,402,403.476,0
2026-04-09T10:45:00.000Z,402.97,403.06,402.54,403,0
2026-04-09T10:50:00.000Z,402.93,403.2,401.88,402.15,0
2026-04-09T10:55:00.000Z,402.1229,402.45,401.46,401.81,0
2026-04-09T11:00:00.000Z,401.82,406.73,401,402,0
2026-04-09T11:05:00.000Z,402,402.8,401,402.51,0
2026-04-09T11:10:00.000Z,402.41,403.5,402,403.4,0
2026-04-09T11:15:00.000Z,403.01,403.4199,402.3729,402.7,0
2026-04-09T11:20:00.000Z,402.59,403.49,402,403.1,0
2026-04-09T11:25:00.000Z,403.0962,403.3802,402,402.5,0
2026-04-09T11:30:00.000Z,402.49,404,402.42,403.75,0
2026-04-09T11:35:00.000Z,403.7284,405,403.524,404.6,0
2026-04-09T11:40:00.000Z,404.56,405.99,404.51,405.24,0
2026-04-09T11:45:00.000Z,405.41,405.88,404.5,404.5,0
2026-04-09T11:50:00.000Z,404.8,405.5,404.5,405.1,0
2026-04-09T11:55:00.000Z,405,405.63,404.8,405.2,0
2026-04-09T12:00:00.000Z,405.1,408.11,405,406.9091,0
2026-04-09T12:05:00.000Z,406.8406,408.67,406.5,408.23,0
2026-04-09T12:10:00.000Z,408.3,408.49,406.2,406.51,0
2026-04-09T12:15:00.000Z,406.57,407,406,406.97,0
2026-04-09T12:20:00.000Z,406.99,407,405.6971,405.92,0
2026-04-09T12:25:00.000Z,406.0136,407.45,406,407.1,0
2026-04-09T12:30:00.000Z,407.45,408.17,405.5,405.9745,0
2026-04-09T12:35:00.000Z,405.86,407.19,405,406.9653,0
2026-04-09T12:40:00.000Z,406.98,407.6837,406.1,406.25,0
2026-04-09T12:45:00.000Z,406.5,406.8713,405.2766,405.87,0
2026-04-09T12:50:00.000Z,405.8,406.6,405.5585,406.25,0
2026-04-09T12:55:00.000Z,406.27,407.51,405.8085,407.4,0
2026-04-09T13:00:00.000Z,407.4,407.85,406.66,407.7488,0
2026-04-09T13:05:00.000Z,407.8,407.9,406.25,406.5585,0
2026-04-09T13:10:00.000Z,406.8408,407.36,406.5,407.17,0
2026-04-09T13:15:00.000Z,407.2,407.8,406.7,407.12,0
2026-04-09T13:20:00.000Z,407.14,407.5,406.6457,406.81,0
2026-04-09T13:25:00.000Z,407,408.66,406.52,408.14,0
2026-04-09T13:30:00.000Z,407.6099853515625,413.3699951171875,407.6099853515625,408.4599914550781,3072976
2026-04-09T13:35:00.000Z,408.6199951171875,415.1000061035156,408.5299987792969,411.92999267578125,1325514
2026-04-09T13:40:00.000Z,411.98651123046875,414.8999938964844,410.2300109863281,414.3330993652344,1097993
2026-04-09T13:45:00.000Z,414.0899963378906,414.7699890136719,412.8800048828125,413.4700012207031,759188
2026-04-09T13:50:00.000Z,413.4599914550781,414.5799865722656,409.5000915527344,410.69000244140625,837897
2026-04-09T13:55:00.000Z,410.69000244140625,410.70001220703125,408.07000732421875,409.5849914550781,724859
2026-04-09T14:00:00.000Z,409.6700134277344,409.7499084472656,407.7301025390625,409.0098876953125,647383
2026-04-09T14:05:00.000Z,408.8699951171875,409.8699951171875,405.57000732421875,405.6184997558594,917523
2026-04-09T14:10:00.000Z,405.5799865722656,407.489990234375,404.1099853515625,406.4649963378906,754523
2026-04-09T14:15:00.000Z,406.5887145996094,406.5887145996094,400.70001220703125,401.70989990234375,1029502
2026-04-09T14:20:00.000Z,401.6199951171875,403.4798889160156,401.5400085449219,402.3500061035156,618841
2026-04-09T14:25:00.000Z,402.3450012207031,402.4198913574219,398.44000244140625,400.3374938964844,902323
2026-04-09T14:30:00.000Z,400.3599853515625,401.17999267578125,398.67999267578125,400.69000244140625,556382
2026-04-09T14:35:00.000Z,400.62060546875,401.09991455078125,398.70001220703125,400.1300048828125,498894
2026-04-09T14:40:00.000Z,400.1199951171875,401.10540771484375,399.7200927734375,400.9700012207031,458777
2026-04-09T14:45:00.000Z,400.8800048828125,402.3299865722656,400.6400146484375,401.91009521484375,530448
2026-04-09T14:50:00.000Z,401.9100036621094,404.2200012207031,401.43011474609375,403.7099914550781,573074
2026-04-09T14:55:00.000Z,403.6400146484375,404.3900146484375,402.35009765625,404.2950134277344,451716
2026-04-09T15:00:00.000Z,404.409912109375,404.409912109375,401.66009521484375,401.81500244140625,419285
2026-04-09T15:05:00.000Z,401.79998779296875,402.260009765625,401.3800964355469,402.1099853515625,301406
2026-04-09T15:10:00.000Z,402.19000244140625,404.1000061035156,402.05010986328125,403.7102966308594,326572
2026-04-09T15:15:00.000Z,403.84991455078125,406.17999267578125,403.7300109863281,405.7701110839844,494770
2026-04-09T15:20:00.000Z,405.864990234375,406.4800109863281,405.1099853515625,405.8349914550781,333208
2026-04-09T15:25:00.000Z,405.8399963378906,406.164794921875,404.67999267578125,405.6000061035156,284550
2026-04-09T15:30:00.000Z,405.6000061035156,408.0299987792969,405.3299865722656,407.5899963378906,564380
2026-04-09T15:35:00.000Z,407.4800109863281,408.5799865722656,406.0000915527344,406.7900085449219,564619
2026-04-09T15:40:00.000Z,406.8399963378906,408.3699951171875,406.7872009277344,407.29998779296875,328923
2026-04-09T15:45:00.000Z,407.3900146484375,407.8999938964844,405.8599853515625,406.760009765625,347912
2026-04-09T15:50:00.000Z,406.5,407.1606140136719,405.75,407.0799865722656,346794
2026-04-09T15:55:00.000Z,407.1099853515625,407.4798889160156,406.5201110839844,407.25,267489
2026-04-09T16:00:00.000Z,407.25,409.4700012207031,407.1200866699219,408,536894
2026-04-09T16:05:00.000Z,408,408.19989013671875,407,407.3299865722656,314830
2026-04-09T16:10:00.000Z,407.2799987792969,407.6698913574219,406.6000061035156,407,269781
2026-04-09T16:15:00.000Z,407,408,406.8999938964844,407.927490234375,282227
2026-04-09T16:20:00.000Z,407.95001220703125,407.9898986816406,407.04010009765625,407.42010498046875,135236
2026-04-09T16:25:00.000Z,407.55999755859375,408.426513671875,407.2250061035156,407.7900085449219,328740
2026-04-09T16:30:00.000Z,407.79998779296875,408.2900085449219,407.2300109863281,407.6000061035156,190080
2026-04-09T16:35:00.000Z,407.6000061035156,407.96600341796875,407.2799987792969,407.485595703125,155372
2026-04-09T16:40:00.000Z,407.489990234375,407.54998779296875,406.5,406.7799987792969,244464
2026-04-09T16:45:00.000Z,406.6499938964844,406.7200012207031,406.0299987792969,406.2250061035156,224211
2026-04-09T16:50:00.000Z,406.2149963378906,407.7099914550781,406.1700134277344,407.6400146484375,185805
2026-04-09T16:55:00.000Z,407.54998779296875,408.1899108886719,407.2099914550781,407.4783020019531,215780
2026-04-09T17:00:00.000Z,407.5799865722656,408.25,407.04010009765625,407.3951110839844,232871
2026-04-09T17:05:00.000Z,407.4800109863281,408.389892578125,407.0000915527344,407.9949951171875,201264
2026-04-09T17:10:00.000Z,408.0199890136719,408.59991455078125,407.510009765625,408.20001220703125,168270
2026-04-09T17:15:00.000Z,408.20001220703125,408.9200134277344,407.8800048828125,408.614990234375,165835
2026-04-09T17:20:00.000Z,408.6835021972656,409,408.0849914550781,408.9649963378906,193301
2026-04-09T17:25:00.000Z,408.9996032714844,410.1700134277344,408.7300109863281,410.125,374895
2026-04-09T17:30:00.000Z,410.125,411.7262878417969,409.5299987792969,411.5,575690
2026-04-09T17:35:00.000Z,411.4949951171875,414.25,411.42999267578125,413.54998779296875,860165
2026-04-09T17:40:00.000Z,413.6434020996094,413.6658935546875,412.7300109863281,412.92999267578125,486772
2026-04-09T17:45:00.000Z,412.9700012207031,413.1700134277344,412.1199951171875,413.07000732421875,332761
2026-04-09T17:50:00.000Z,413.07000732421875,413.159912109375,412.30010986328125,412.76129150390625,325281
2026-04-09T17:55:00.000Z,412.8599853515625,412.9299011230469,411.7900085449219,412.5238037109375,307841
2026-04-09T18:00:00.000Z,412.55999755859375,413,410.7099914550781,411.1300048828125,384253
2026-04-09T18:05:00.000Z,411.260009765625,411.7099914550781,410.57000732421875,411.57000732421875,278937
2026-04-09T18:10:00.000Z,411.5,411.89990234375,410.3699951171875,411.0799865722656,350656
2026-04-09T18:15:00.000Z,411.1023864746094,411.80999755859375,410.80999755859375,411.3999938964844,211272
2026-04-09T18:20:00.000Z,411.4049987792969,411.8800048828125,410.69000244140625,411.18499755859375,229418
2026-04-09T18:25:00.000Z,411.20001220703125,412.6700134277344,410.840087890625,412.6400146484375,254918
2026-04-09T18:30:00.000Z,412.6199951171875,413.0899963378906,412.340087890625,412.5350036621094,309249
2026-04-09T18:35:00.000Z,412.5350036621094,413.739990234375,412.360107421875,413.70001220703125,238774
2026-04-09T18:40:00.000Z,413.610107421875,414.7200012207031,413.5,414.1700134277344,457658
2026-04-09T18:45:00.000Z,414.11248779296875,416.92999267578125,414.0299987792969,416.8699951171875,874034
2026-04-09T18:50:00.000Z,416.8699951171875,416.8924865722656,415.8800048828125,416.260009765625,361769
2026-04-09T18:55:00.000Z,416.25,416.79998779296875,415.70001220703125,415.8299865722656,320913
2026-04-09T19:00:00.000Z,415.8299865722656,417.8699951171875,415.82000732421875,417.7950134277344,421526
2026-04-09T19:05:00.000Z,417.739990234375,419.1000061035156,417.1300048828125,419.0899963378906,523547
2026-04-09T19:10:00.000Z,419.0849914550781,419.79998779296875,418.5899963378906,419.3468933105469,501201
2026-04-09T19:15:00.000Z,419.3299865722656,419.79998779296875,418.8999938964844,418.93499755859375,431960
2026-04-09T19:20:00.000Z,418.9110107421875,419.5899963378906,418.7900085449219,419.4150085449219,352581
2026-04-09T19:25:00.000Z,419.43701171875,421.17999267578125,419.3999938964844,420.7099914550781,909560
2026-04-09T19:30:00.000Z,420.7550048828125,423.0899963378906,420.5801086425781,422.9750061035156,799216
2026-04-09T19:35:00.000Z,422.9912109375,423.5198974609375,421.70001220703125,422.760009765625,858093
2026-04-09T19:40:00.000Z,422.7926940917969,422.8999938964844,421.6000061035156,422.7701110839844,596391
2026-04-09T19:45:00.000Z,422.8699951171875,423.1499938964844,421.8800048828125,422.8949890136719,546208
2026-04-09T19:50:00.000Z,422.9800109863281,423.94000244140625,422.1099853515625,422.55999755859375,720754
2026-04-09T19:55:00.000Z,422.6099853515625,422.6199951171875,420.7300109863281,421.44500732421875,1488463
2026-04-09T20:00:00.000Z,421.42,421.555,419.6,419.6,0
2026-04-09T20:05:00.000Z,419.86,421.51,419.6351,421.09,0
2026-04-09T20:10:00.000Z,421.07,421.51,419.3,421.11,0
2026-04-09T20:15:00.000Z,421.45,421.51,420.7,420.9,0
2026-04-09T20:20:00.000Z,420.8,420.9,419.52,420.2499,0
2026-04-09T20:25:00.000Z,420.36,420.5,419.76,420.0567,0
2026-04-09T20:30:00.000Z,420.14,421.51,419.305,420.31,0
2026-04-09T20:35:00.000Z,420.39,420.8,420.05,420.44,0
2026-04-09T20:40:00.000Z,420.34,421.74,420.1,421.24,0
2026-04-09T20:45:00.000Z,421.27,421.74,420.93,421.12,0
2026-04-09T20:50:00.000Z,421.11,421.12,420.65,420.99,0
2026-04-09T20:55:00.000Z,420.96,421.2,420.65,421.2,0
2026-04-09T21:00:00.000Z,421.14,421.76,421.05,421.52,0
2026-04-09T21:05:00.000Z,421,421.75,421,421.56,0
2026-04-09T21:10:00.000Z,421.54,422.26,421.05,421.21,0
2026-04-09T21:15:00.000Z,421.23,421.5,420.03,420.7,0
2026-04-09T21:20:00.000Z,420.1928,420.7,420.13,420.49,0
2026-04-09T21:25:00.000Z,420.49,420.8942,419.67,419.85,0
2026-04-09T21:30:00.000Z,419.68,420.03,419.31,419.83,0
2026-04-09T21:35:00.000Z,419.84,420.3,419.6,420.01,0
2026-04-09T21:40:00.000Z,420.1,420.46,420.0325,420.1101,0
2026-04-09T21:45:00.000Z,420.38,420.5,420.1,420.45,0
2026-04-09T21:50:00.000Z,420.37,420.72,420.34,420.6,0
2026-04-09T21:55:00.000Z,420.46,420.63,420.35,420.47,0
2026-04-09T22:00:00.000Z,420.47,420.6,420.135,420.59,0
2026-04-09T22:05:00.000Z,420.59,420.72,420.12,420.68,0
2026-04-09T22:10:00.000Z,420.68,420.72,420.52,420.6467,0
2026-04-09T22:15:00.000Z,420.72,420.72,420.4,420.5,0
2026-04-09T22:20:00.000Z,420.59,420.6,420.2,420.45,0
2026-04-09T22:25:00.000Z,420.3651,420.6,419.85,419.85,0
2026-04-09T22:30:00.000Z,419.75,420.2,419.31,419.71,0
2026-04-09T22:35:00.000Z,419.74,420,419.6,420,0
2026-04-09T22:40:00.000Z,420,420.24,419.7,419.87,0
2026-04-09T22:45:00.000Z,419.89,419.89,419.31,419.53,0
2026-04-09T22:50:00.000Z,419.62,419.75,419.32,419.38,0
2026-04-09T22:55:00.000Z,419.34,419.4,418.5,418.72,0
2026-04-09T23:00:00.000Z,418.85,419,417.5,417.55,0
2026-04-09T23:05:00.000Z,417.5,418.76,417.5,418.7,0
2026-04-09T23:10:00.000Z,418.76,419.1219,418.1179,418.7,0
2026-04-09T23:15:00.000Z,418.51,418.59,417.5,418.14,0
2026-04-09T23:20:00.000Z,418.02,418.24,417.65,417.95,0
2026-04-09T23:25:00.000Z,417.91,418,417.7195,417.93,0
2026-04-09T23:30:00.000Z,417.91,417.98,416.99,417.18,0
2026-04-09T23:35:00.000Z,417,417.89,416.7,417.63,0
2026-04-09T23:40:00.000Z,417.7,418.05,417.48,418,0
2026-04-09T23:45:00.000Z,417.9739,418.24,417.97,418.13,0
2026-04-09T23:50:00.000Z,418.1,418.24,417.7,418.2,0
2026-04-09T23:55:00.000Z,418,418.3,418,418.2,0
2026-04-10T08:00:00.000Z,418.45,421.77,417.01,417.9782,0
2026-04-10T08:05:00.000Z,417.3209,421.51,417.02,418,0
2026-04-10T08:10:00.000Z,418,418,416.79,417.19,0
2026-04-10T08:15:00.000Z,417.04,417.93,416.62,417.06,0
2026-04-10T08:20:00.000Z,417.18,418.31,417.0028,418.31,0
2026-04-10T08:25:00.000Z,418.31,418.77,418,418.31,0
2026-04-10T08:30:00.000Z,418.35,418.77,417.91,418.25,0
2026-04-10T08:35:00.000Z,418.35,418.4997,417.6,417.912,0
2026-04-10T08:40:00.000Z,418,419,417.65,418.72,0
2026-04-10T08:45:00.000Z,418.74,418.85,418.0112,418.2,0
2026-04-10T08:50:00.000Z,418.01,418.66,417.9,418.01,0
2026-04-10T08:55:00.000Z,418.01,418.01,417.5,417.69,0
2026-04-10T09:00:00.000Z,417.77,418.4653,417.5156,417.92,0
2026-04-10T09:05:00.000Z,418.0658,418.98,418.0658,418.709,0
2026-04-10T09:10:00.000Z,418.25,418.7,418.25,418.52,0
2026-04-10T09:15:00.000Z,418.52,420.96,418.51,420.87,0
2026-04-10T09:20:00.000Z,420.87,420.87,419.51,419.86,0
2026-04-10T09:25:00.000Z,419.94,420.6242,419.6581,420.51,0
2026-04-10T09:30:00.000Z,420.6,420.9136,420,420.18,0
2026-04-10T09:35:00.000Z,420.24,420.25,419.26,419.5,0
2026-04-10T09:40:00.000Z,419.36,420.374,419.36,419.5,0
2026-04-10T09:45:00.000Z,419.44,420.37,419.44,420.209,0
2026-04-10T09:50:00.000Z,420.29,420.8,420.2,420.58,0
2026-04-10T09:55:00.000Z,420.81,421.2126,420.5774,421.14,0
2026-04-10T10:00:00.000Z,421.07,421.4,421,421.1697,0
2026-04-10T10:05:00.000Z,421.05,421.41,421,421.2789,0
2026-04-10T10:10:00.000Z,421.29,421.9188,421.15,421.9,0
2026-04-10T10:15:00.000Z,421.9,422.02,421.41,421.8,0
2026-04-10T10:20:00.000Z,421.982,423.15,421.67,422.89,0
2026-04-10T10:25:00.000Z,422.89,422.95,422,422.01,0
2026-04-10T10:30:00.000Z,422.0255,422.0255,420.6012,420.6156,0
2026-04-10T10:35:00.000Z,420.67,421.4685,420.6,421.2,0
2026-04-10T10:40:00.000Z,421.2832,421.51,421.19,421.51,0
2026-04-10T10:45:00.000Z,421.6601,421.6601,420.5365,420.99,0
2026-04-10T10:50:00.000Z,420.5175,421.4,420.5175,421.16,0
2026-04-10T10:55:00.000Z,421.39,421.4,420.5,420.71,0
2026-04-10T11:00:00.000Z,420.65,422.7498,420.65,422.7498,0
2026-04-10T11:05:00.000Z,422.74,422.75,422.0001,422.4,0
2026-04-10T11:10:00.000Z,422.4,422.45,421.77,421.9518,0
2026-04-10T11:15:00.000Z,421.9,422.63,421.8,422.4001,0
2026-04-10T11:20:00.000Z,422.53,423.15,422.4007,423.1427,0
2026-04-10T11:25:00.000Z,423.15,423.75,423,423.1252,0
2026-04-10T11:30:00.000Z,423,423.17,422.479,422.7,0
2026-04-10T11:35:00.000Z,422.7,423,422.5,422.87,0
2026-04-10T11:40:00.000Z,422.99,422.99,422.28,422.55,0
2026-04-10T11:45:00.000Z,422.57,422.9,422.5,422.8,0
2026-04-10T11:50:00.000Z,422.7,422.8885,422.4,422.78,0
2026-04-10T11:55:00.000Z,422.728,422.8133,422,422.2849,0
2026-04-10T12:00:00.000Z,422.1,422.2888,421.5,422.2,0
2026-04-10T12:05:00.000Z,421.99,422.6,421.5,422.5,0
2026-04-10T12:10:00.000Z,422.4929,422.97,421.726,422.49,0
2026-04-10T12:15:00.000Z,422.34,422.5,422,422.25,0
2026-04-10T12:20:00.000Z,422.13,422.25,421.11,421.2,0
2026-04-10T12:25:00.000Z,421.1718,421.21,419.7358,420.99,0
2026-04-10T12:30:00.000Z,420.65,422.25,419.5,419.5,0
2026-04-10T12:35:00.000Z,419.49,421,419.36,421,0
2026-04-10T12:40:00.000Z,421.0016,421.74,421,421.61,0
2026-04-10T12:45:00.000Z,421.7,422.6588,421.7,422.6588,0
2026-04-10T12:50:00.000Z,422.6574,422.86,422.01,422.0694,0
2026-04-10T12:55:00.000Z,422.1,422.79,421.6,421.71,0
2026-04-10T13:00:00.000Z,421.81,422.5,421.66,422.1695,0
2026-04-10T13:05:00.000Z,422.3,424.59,422.15,424.1716,0
2026-04-10T13:10:00.000Z,424,425.2,424,424.3484,0
2026-04-10T13:15:00.000Z,424.18,424.4,423.21,423.5,0
2026-04-10T13:20:00.000Z,423.4,423.9,422.5,422.77,0
2026-04-10T13:25:00.000Z,422.68,423.19,419.9,420.33,0
2026-04-10T13:30:00.000Z,420.2850036621094,421.45001220703125,416.302001953125,417.6400146484375,3232315
2026-04-10T13:35:00.000Z,417.5,418.44000244140625,411,411.760009765625,1601448
2026-04-10T13:40:00.000Z,411.67999267578125,416.95001220703125,410.05999755859375,416.9447937011719,1317708
2026-04-10T13:45:00.000Z,416.9200134277344,422.7398986816406,416.32000732421875,419.30999755859375,1343423
2026-04-10T13:50:00.000Z,419,422.6700134277344,418.2300109863281,422.1700134277344,806468
2026-04-10T13:55:00.000Z,422.0899963378906,423.15350341796875,420,420.48699951171875,765065
2026-04-10T14:00:00.000Z,420.3699951171875,421.1600036621094,417.7900085449219,417.8599853515625,664451
2026-04-10T14:05:00.000Z,418.0050048828125,420.20001220703125,417.79998779296875,418.9949951171875,527173
2026-04-10T14:10:00.000Z,418.8999938964844,419.1700134277344,417.1200866699219,419.0450134277344,488194
2026-04-10T14:15:00.000Z,419.0799865722656,420.96990966796875,419.0329895019531,420.94940185546875,451369
2026-04-10T14:20:00.000Z,420.8550109863281,421.5199890136719,419.30010986328125,419.8399963378906,411917
2026-04-10T14:25:00.000Z,419.75,419.79998779296875,417.8700866699219,419.7049865722656,455092
2026-04-10T14:30:00.000Z,419.54998779296875,421.4898986816406,419.3901062011719,419.6400146484375,423061
2026-04-10T14:35:00.000Z,419.67498779296875,420.1199951171875,418.40008544921875,419.4267883300781,302026
2026-04-10T14:40:00.000Z,419.27740478515625,420.29998779296875,418.75579833984375,419.635009765625,291737
2026-04-10T14:45:00.000Z,419.6300048828125,420.38861083984375,419.04998779296875,419.6600036621094,317195
2026-04-10T14:50:00.000Z,419.7900085449219,421.6499938964844,419.6000061035156,420.9150085449219,392548
2026-04-10T14:55:00.000Z,420.87091064453125,422.7900085449219,420.87091064453125,422.68499755859375,619475
2026-04-10T15:00:00.000Z,422.760009765625,423,420.3901062011719,420.4700012207031,412089
2026-04-10T15:05:00.000Z,420.5400085449219,421.55999755859375,420.29998779296875,420.8800048828125,357598
2026-04-10T15:10:00.000Z,420.7650146484375,421.75,419.75,421.30999755859375,349337
2026-04-10T15:15:00.000Z,421.3716125488281,423.4700012207031,420.79998779296875,423.4700012207031,483457
2026-04-10T15:20:00.000Z,423.42999267578125,423.8599853515625,421.90008544921875,422.6799011230469,436977
2026-04-10T15:25:00.000Z,422.57000732421875,422.6400146484375,420.5801086425781,421.1400146484375,916906
2026-04-10T15:30:00.000Z,421.0849914550781,421.4884033203125,419.79998779296875,420.5299987792969,285165
2026-04-10T15:35:00.000Z,420.6199951171875,420.7799987792969,418.0199890136719,418.0845947265625,425528
2026-04-10T15:40:00.000Z,418.1300048828125,418.34991455078125,416.3200988769531,417.5799865722656,476658
2026-04-10T15:45:00.000Z,417.639892578125,417.8299865722656,416.9200134277344,417.4132080078125,281052
2026-04-10T15:50:00.000Z,417.2279968261719,417.5799865722656,416.5791931152344,416.8900146484375,239445
2026-04-10T15:55:00.000Z,416.79998779296875,416.9299011230469,414.0400085449219,415.17999267578125,562054
2026-04-10T16:00:00.000Z,415.2699890136719,415.55999755859375,414.29998779296875,414.840087890625,301161
2026-04-10T16:05:00.000Z,414.8399963378906,416.34991455078125,414.70001220703125,415.739990234375,271699
2026-04-10T16:10:00.000Z,415.69879150390625,417.45989990234375,415.5400085449219,416.8999938964844,395004
2026-04-10T16:15:00.000Z,416.95001220703125,418.17999267578125,416.41009521484375,417.1700134277344,273156
2026-04-10T16:20:00.000Z,417.10009765625,418.4798889160156,416.40008544921875,418.2850036621094,255372
2026-04-10T16:25:00.000Z,418.3699951171875,418.4100036621094,417.0000915527344,417.3500061035156,178368
2026-04-10T16:30:00.000Z,417.364990234375,417.8799133300781,416.760009765625,417.25,216167
2026-04-10T16:35:00.000Z,417.3299865722656,417.7900085449219,416.1588134765625,416.52020263671875,206667
2026-04-10T16:40:00.000Z,416.40008544921875,417.0400085449219,415.1499938964844,415.55499267578125,212341
2026-04-10T16:45:00.000Z,415.5101013183594,416.3299865722656,415.4800109863281,416.07000732421875,187264
2026-04-10T16:50:00.000Z,416.1199951171875,416.989990234375,415.7900085449219,416.9100036621094,312129
2026-04-10T16:55:00.000Z,416.8800048828125,418.3900146484375,416.5010070800781,418.1600036621094,251752
2026-04-10T17:00:00.000Z,418.1000061035156,418.2300109863281,417.42010498046875,417.4700012207031,187649
2026-04-10T17:05:00.000Z,417.4700012207031,418.14990234375,417.2749938964844,417.8800048828125,167117
2026-04-10T17:10:00.000Z,417.8599853515625,418,417.0600891113281,417.8999938964844,153106
2026-04-10T17:15:00.000Z,417.9599914550781,419.3800048828125,417.9200134277344,419.3561096191406,231191
2026-04-10T17:20:00.000Z,419.3399963378906,419.36309814453125,417.78009033203125,418.5498962402344,204795
2026-04-10T17:25:00.000Z,418.46240234375,419.3099060058594,418.364990234375,419.2499084472656,181466
2026-04-10T17:30:00.000Z,419.125,420.7250061035156,418.8999938964844,420.114990234375,367759
2026-04-10T17:35:00.000Z,420.0910949707031,420.3599853515625,419.7001037597656,420.2850036621094,415606
2026-04-10T17:40:00.000Z,420.29998779296875,421.7799987792969,420.29998779296875,421.4649963378906,323597
2026-04-10T17:45:00.000Z,421.3999938964844,421.6299133300781,420.5199890136719,420.80999755859375,260113
2026-04-10T17:50:00.000Z,420.79998779296875,423.0199890136719,420.79998779296875,422.68499755859375,382328
2026-04-10T17:55:00.000Z,422.6700134277344,423.70989990234375,422.6199951171875,422.8500061035156,396959
2026-04-10T18:00:00.000Z,422.86090087890625,423.19000244140625,421.40008544921875,421.4949951171875,266194
2026-04-10T18:05:00.000Z,421.5,422.1499938964844,421.2699890136719,421.7099914550781,286037
2026-04-10T18:10:00.000Z,421.69000244140625,422.2799987792969,421.2799987792969,422.17999267578125,231603
2026-04-10T18:15:00.000Z,422.189208984375,423.0299987792969,421.8999938964844,422.9100036621094,269059
2026-04-10T18:20:00.000Z,422.9100036621094,423.2842102050781,422.55999755859375,422.840087890625,186213
2026-04-10T18:25:00.000Z,422.8399963378906,423.05999755859375,422.32000732421875,422.4049987792969,156457
2026-04-10T18:30:00.000Z,422.45001220703125,422.760009765625,422.1012878417969,422.2200012207031,245157
2026-04-10T18:35:00.000Z,422.1099853515625,422.75,422.0600891113281,422.3463134765625,180617
2026-04-10T18:40:00.000Z,422.3399963378906,422.4599914550781,421.07000732421875,421.2300109863281,238790
2026-04-10T18:45:00.000Z,421.1300048828125,421.4200134277344,420.7099914550781,421.0310974121094,173112
2026-04-10T18:50:00.000Z,421.04998779296875,421.2200012207031,420.44000244140625,420.8599853515625,181814
2026-04-10T18:55:00.000Z,420.8599853515625,421.25,420.3500061035156,420.8999938964844,154936
2026-04-10T19:00:00.000Z,420.7099914550781,421.3699951171875,420.4750061035156,420.94000244140625,196632
2026-04-10T19:05:00.000Z,420.94000244140625,421.69000244140625,420.85009765625,421.5299987792969,540262
2026-04-10T19:10:00.000Z,421.4649963378906,422.25,421.2699890136719,422.1200866699219,207444
2026-04-10T19:15:00.000Z,422.2149963378906,422.7699890136719,421.94000244140625,422.6099853515625,304004
2026-04-10T19:20:00.000Z,422.6300048828125,422.94000244140625,422.2799987792969,422.4549865722656,254930
2026-04-10T19:25:00.000Z,422.4700012207031,422.8999938964844,422.1619873046875,422.4849853515625,241431
2026-04-10T19:30:00.000Z,422.5,422.54998779296875,421.8599853515625,422.010009765625,356635
2026-04-10T19:35:00.000Z,421.989990234375,422.7900085449219,421.7699890136719,422.3299865722656,337677
2026-04-10T19:40:00.000Z,422.2200927734375,422.4700012207031,421.739990234375,422.2699890136719,364469
2026-04-10T19:45:00.000Z,422.2900085449219,422.635009765625,420.79998779296875,421.625,347570
2026-04-10T19:50:00.000Z,421.69000244140625,422.739990234375,420.8399963378906,421.55999755859375,550587
2026-04-10T19:55:00.000Z,421.5950012207031,421.5950012207031,419.7699890136719,420.70001220703125,1123969
2026-04-10T20:00:00.000Z,420.59,420.7,420.2,420.3733,0
2026-04-10T20:05:00.000Z,420.55,420.75,420.3,420.54,0
2026-04-10T20:10:00.000Z,420.59,421.1,420.59,420.96,0
2026-04-10T20:15:00.000Z,420.59,421,420.54,420.5814,0
2026-04-10T20:20:00.000Z,420.59,420.724,420.25,420.4158,0
2026-04-10T20:25:00.000Z,420.276,420.45,419.8,420,0
2026-04-10T20:30:00.000Z,420,420.28,419.85,420.09,0
2026-04-10T20:35:00.000Z,419.87,420.25,419.87,420.25,0
2026-04-10T20:40:00.000Z,420.13,420.4532,420.13,420.45,0
2026-04-10T20:45:00.000Z,420.45,420.85,420.1687,420.6,0
2026-04-10T20:50:00.000Z,420.51,420.7,420.14,420.14,0
2026-04-10T20:55:00.000Z,420.3,420.59,420.14,420.41,0
2026-04-10T21:00:00.000Z,420.5,420.8,420.25,420.62,0
2026-04-10T21:05:00.000Z,420.61,420.75,420.25,420.59,0
2026-04-10T21:10:00.000Z,420.25,420.68,286.8089,420.5,0
2026-04-10T21:15:00.000Z,420.28,420.5,420.14,420.19,0
2026-04-10T21:20:00.000Z,420.2792,420.2792,203.3969,419.94,0
2026-04-10T21:25:00.000Z,419.9997,420.21,419.85,420.21,0
2026-04-10T21:30:00.000Z,419.9133,420.2,419.8,419.86,0
2026-04-10T21:35:00.000Z,420,420.17,419.86,420,0
2026-04-10T21:40:00.000Z,420,420.16,419.86,420.1488,0
2026-04-10T21:45:00.000Z,420.0896,420.28,419.83,419.83,0
2026-04-10T21:50:00.000Z,419.83,420,419.8,419.8,0
2026-04-10T21:55:00.000Z,419.99,420.28,419.8,419.9,0
2026-04-10T22:00:00.000Z,419.9,420.3,419.85,420.15,0
2026-04-10T22:05:00.000Z,420.12,420.18,419.8,419.81,0
2026-04-10T22:10:00.000Z,419.8501,420,419.69,419.8,0
2026-04-10T22:15:00.000Z,419.7,419.89,419.5,419.62,0
2026-04-10T22:20:00.000Z,419.69,419.89,419.5,419.73,0
2026-04-10T22:25:00.000Z,419.72,419.89,419.5,419.82,0
2026-04-10T22:30:00.000Z,419.88,419.89,419.3,419.3618,0
2026-04-10T22:35:00.000Z,419.4,420.59,419.0434,419.2,0
2026-04-10T22:40:00.000Z,419.3425,419.35,419.01,419.1,0
2026-04-10T22:45:00.000Z,419.1,419.35,419,419.1,0
2026-04-10T22:50:00.000Z,419.1,419.35,419.0982,419.18,0
2026-04-10T22:55:00.000Z,419.1,419.2,419.05,419.2,0
2026-04-10T23:00:00.000Z,419.2,419.35,419.0642,419.15,0
2026-04-10T23:05:00.000Z,419.06,419.35,419.06,419.35,0
2026-04-10T23:10:00.000Z,419.27,419.5,419.25,419.42,0
2026-04-10T23:15:00.000Z,419.42,419.5,419.35,419.4628,0
2026-04-10T23:20:00.000Z,419.47,419.85,419.35,419.798,0
2026-04-10T23:25:00.000Z,419.5062,419.85,419.5,419.67,0
2026-04-10T23:30:00.000Z,419.5,419.67,419.5,419.5,0
2026-04-10T23:35:00.000Z,419.5,419.5,419.28,419.3305,0
2026-04-10T23:40:00.000Z,419.25,419.67,419.2,419.5,0
2026-04-10T23:45:00.000Z,419.45,419.75,419.3,419.74,0
2026-04-10T23:50:00.000Z,419.74,419.84,419.7,419.7,0
2026-04-10T23:55:00.000Z,419.8,419.8,419.3,419.55,0
2026-04-13T08:00:00.000Z,413.32,415.42,411.5,414.2405,0
2026-04-13T08:05:00.000Z,414.12,414.2259,413.28,413.84,0
2026-04-13T08:10:00.000Z,413.88,415.39,411.52,412.4844,0
2026-04-13T08:15:00.000Z,412.4,412.5,411.72,412.47,0
2026-04-13T08:20:00.000Z,412.47,412.5,412.01,412.4,0
2026-04-13T08:25:00.000Z,412.4,412.6,412.13,412.29,0
2026-04-13T08:30:00.000Z,412.29,412.5,411.8,412.37,0
2026-04-13T08:35:00.000Z,412.14,412.14,410.9,410.9,0
2026-04-13T08:40:00.000Z,410.9,411.6,410.6,410.65,0
2026-04-13T08:45:00.000Z,410.65,410.98,410.12,410.81,0
2026-04-13T08:50:00.000Z,410.92,411,410.6151,410.8,0
2026-04-13T08:55:00.000Z,410.98,411,410.805,411,0
2026-04-13T09:00:00.000Z,410.96,412.84,410.88,412.09,0
2026-04-13T09:05:00.000Z,412.37,413.2,412.3137,412.93,0
2026-04-13T09:10:00.000Z,412.98,413.1475,412.4,412.9,0
2026-04-13T09:15:00.000Z,412.77,413.1588,412.3,412.75,0
2026-04-13T09:20:00.000Z,412.93,413.81,412.7875,413.77,0
2026-04-13T09:25:00.000Z,413.56,414.55,413.25,414.27,0
2026-04-13T09:30:00.000Z,414.0304,414.3939,413.92,414.13,0
2026-04-13T09:35:00.000Z,414.11,414.42,414,414.1156,0
2026-04-13T09:40:00.000Z,414.17,414.42,413.34,413.37,0
2026-04-13T09:45:00.000Z,413.49,413.9,413.3,413.3,0
2026-04-13T09:50:00.000Z,413.3,413.43,412.93,413.4288,0
2026-04-13T09:55:00.000Z,412.97,413.43,412.93,413.38,0
2026-04-13T10:00:00.000Z,413.38,414,413.1,413.2,0
2026-04-13T10:05:00.000Z,413,413.46,413,413.05,0
2026-04-13T10:10:00.000Z,413.22,413.47,412.81,412.9,0
2026-04-13T10:15:00.000Z,412.86,412.99,412.3,412.4302,0
2026-04-13T10:20:00.000Z,412.6,412.89,412.2,412.2,0
2026-04-13T10:25:00.000Z,412.35,412.744,412.09,412.7035,0
2026-04-13T10:30:00.000Z,412.74,413.27,412.73,413.19,0
2026-04-13T10:35:00.000Z,413.29,413.3788,412.66,413.22,0
2026-04-13T10:40:00.000Z,413.1,413.38,412.67,412.9917,0
2026-04-13T10:45:00.000Z,412.9312,413.3964,412.9,413.3964,0
2026-04-13T10:50:00.000Z,413.38,413.95,413.35,413.5,0
2026-04-13T10:55:00.000Z,413.5,414.72,413.5,414.5,0
2026-04-13T11:00:00.000Z,414.61,420.59,413.67,414.9,0
2026-04-13T11:05:00.000Z,415,416,414.75,414.75,0
2026-04-13T11:10:00.000Z,414.75,415.15,414.2291,414.62,0
2026-04-13T11:15:00.000Z,415,415.24,414,414,0
2026-04-13T11:20:00.000Z,414,414.68,413.68,414.1797,0
2026-04-13T11:25:00.000Z,414.59,414.94,413.55,413.95,0
2026-04-13T11:30:00.000Z,413.8303,414.25,413.07,413.3,0
2026-04-13T11:35:00.000Z,413.35,413.89,412.8,413.2,0
2026-04-13T11:40:00.000Z,413.25,413.79,412.8585,413.6,0
2026-04-13T11:45:00.000Z,413.2,414,413.1735,413.36,0
2026-04-13T11:50:00.000Z,413.3,414,412.7,413.5,0
2026-04-13T11:55:00.000Z,413.45,413.8,412.67,412.9376,0
2026-04-13T12:00:00.000Z,412.98,421.641,412.3,412.6,0
2026-04-13T12:05:00.000Z,413.04,413.5,412.62,413.326,0
2026-04-13T12:10:00.000Z,413.49,414.1399,413.22,413.66,0
2026-04-13T12:15:00.000Z,413.67,414,413.33,414,0
2026-04-13T12:20:00.000Z,414,414.9152,413.51,414.13,0
2026-04-13T12:25:00.000Z,414.13,414.6,413.68,413.85,0
2026-04-13T12:30:00.000Z,414.1,414.48,413.83,414.44,0
2026-04-13T12:35:00.000Z,414.47,414.47,413.82,414.21,0
2026-04-13T12:40:00.000Z,414.29,414.95,414.0673,414.48,0
2026-04-13T12:45:00.000Z,414.48,415.78,380.8275,415.2,0
2026-04-13T12:50:00.000Z,415.0452,415.25,414.5,414.8815,0
2026-04-13T12:55:00.000Z,414.72,414.9988,414,414.5,0
2026-04-13T13:00:00.000Z,414.63,414.99,414.25,414.7,0
2026-04-13T13:05:00.000Z,414.69,414.95,414,414.07,0
2026-04-13T13:10:00.000Z,414.455,415,413.94,414.96,0
2026-04-13T13:15:00.000Z,414.72,415.42,414.26,415.31,0
2026-04-13T13:20:00.000Z,415.17,416.5,415.0729,415.2,0
2026-04-13T13:25:00.000Z,415.36,416.75,415.2228,416.18,0
2026-04-13T13:30:00.000Z,416.4700012207031,419.1499938964844,416.2349853515625,417.6499938964844,2260534
2026-04-13T13:35:00.000Z,417.5199890136719,417.9200134277344,415.1600036621094,415.6600036621094,770040
2026-04-13T13:40:00.000Z,415.6600036621094,416.3783874511719,411.7301025390625,411.7900085449219,835838
2026-04-13T13:45:00.000Z,411.8500061035156,413.5,408.5,413.31500244140625,1164454
2026-04-13T13:50:00.000Z,413.17999267578125,415.19989013671875,412.6499938964844,414.9949951171875,778503
2026-04-13T13:55:00.000Z,414.9100036621094,416.6099853515625,413.2001037597656,416.43499755859375,721875
2026-04-13T14:00:00.000Z,416.43499755859375,418.010009765625,412.79998779296875,413.0199890136719,898989
2026-04-13T14:05:00.000Z,413.0400085449219,413.4898986816406,410.92498779296875,412.4100036621094,665729
2026-04-13T14:10:00.000Z,412.34320068359375,413.1700134277344,411.1700134277344,411.4400939941406,496369
2026-04-13T14:15:00.000Z,411.6099853515625,412.9898986816406,411.6099853515625,412.90008544921875,317150
2026-04-13T14:20:00.000Z,412.7134094238281,414.2300109863281,412.5,413.7598876953125,455392
2026-04-13T14:25:00.000Z,413.82000732421875,413.8999938964844,412.1099853515625,413.05499267578125,348614
2026-04-13T14:30:00.000Z,412.9800109863281,413.05999755859375,411.5,412.6600036621094,447202
2026-04-13T14:35:00.000Z,412.6300048828125,412.9700012207031,411.80010986328125,412.3500061035156,383115
2026-04-13T14:40:00.000Z,412.3800048828125,413.20001220703125,412.2900085449219,413.20001220703125,313803
2026-04-13T14:45:00.000Z,413.260009765625,413.989990234375,412.3999938964844,413.6400146484375,404851
2026-04-13T14:50:00.000Z,413.70001220703125,415.54998779296875,413.17999267578125,414.8399963378906,507114
2026-04-13T14:55:00.000Z,414.7799987792969,416.739990234375,414.7099914550781,416.1000061035156,506207
2026-04-13T15:00:00.000Z,416.0899963378906,416.4100036621094,414.75,416.34991455078125,396065
2026-04-13T15:05:00.000Z,416.2699890136719,419.06988525390625,416.1199951171875,418.7799987792969,584264
2026-04-13T15:10:00.000Z,418.760009765625,421.0299987792969,418.010009765625,419.2250061035156,702654
2026-04-13T15:15:00.000Z,419.17498779296875,420.1499938964844,417.9549865722656,418.114990234375,446830
2026-04-13T15:20:00.000Z,418.1600036621094,419.239990234375,418.0799865722656,418.31500244140625,303879
2026-04-13T15:25:00.000Z,418.29998779296875,418.29998779296875,417.3800964355469,417.8598937988281,272479
2026-04-13T15:30:00.000Z,417.8599853515625,418.1099853515625,416.3500061035156,417.2300109863281,270168
2026-04-13T15:35:00.000Z,417.20001220703125,418.7698974609375,416.9200134277344,418.56500244140625,358511
2026-04-13T15:40:00.000Z,418.52020263671875,418.67999267578125,417.41009521484375,417.58221435546875,219067
2026-04-13T15:45:00.000Z,417.6405029296875,418,415.510009765625,415.80999755859375,309737
2026-04-13T15:50:00.000Z,415.7900085449219,415.82000732421875,413.7099914550781,413.760009765625,435059
2026-04-13T15:55:00.000Z,413.7650146484375,414.3299865722656,413.2699890136719,414.04998779296875,331566
2026-04-13T16:00:00.000Z,414.0799865722656,414.3399963378906,411.6199951171875,411.6199951171875,475907
2026-04-13T16:05:00.000Z,411.66009521484375,413.1899108886719,410.57000732421875,412.6600036621094,616558
2026-04-13T16:10:00.000Z,412.6099853515625,413.8800048828125,412.4800109863281,412.9700012207031,382590
2026-04-13T16:15:00.000Z,413.0199890136719,413.4898986816406,412.7500915527344,413.0150146484375,200474
2026-04-13T16:20:00.000Z,412.9949951171875,413.989990234375,412.6419982910156,412.9599914550781,229807
2026-04-13T16:25:00.000Z,412.9599914550781,414.29998779296875,412.8699951171875,414.19500732421875,343525
2026-04-13T16:30:00.000Z,414.20001220703125,414.3699951171875,413.1700134277344,413.5799865722656,263590
2026-04-13T16:35:00.000Z,413.5799865722656,414.3399963378906,413.41009521484375,414,193497
2026-04-13T16:40:00.000Z,414.04010009765625,414.3900146484375,412.7200012207031,413.9700012207031,259141
2026-04-13T16:45:00.000Z,413.94000244140625,415.3699035644531,413.6109924316406,415.1650085449219,296861
2026-04-13T16:50:00.000Z,415.239990234375,415.82000732421875,414.760009765625,415.1300048828125,262327
2026-04-13T16:55:00.000Z,415.07501220703125,416.29998779296875,414.7601013183594,415.739990234375,242022
2026-04-13T17:00:00.000Z,415.82000732421875,416.1700134277344,414.97930908203125,415.4599914550781,227913
2026-04-13T17:05:00.000Z,415.47021484375,415.75,414.40008544921875,414.9549865722656,218770
2026-04-13T17:10:00.000Z,414.91900634765625,415.95001220703125,414.70001220703125,415.85528564453125,196588
2026-04-13T17:15:00.000Z,415.889892578125,417.6199951171875,415.6400146484375,417.57000732421875,401843
2026-04-13T17:20:00.000Z,417.5201110839844,418,416.42999267578125,416.510009765625,336226
2026-04-13T17:25:00.000Z,416.5899963378906,416.94000244140625,416.4100036621094,416.831298828125,140930
2026-04-13T17:30:00.000Z,416.82501220703125,417.17999267578125,416.5600891113281,417,158131
2026-04-13T17:35:00.000Z,417.0299987792969,417.2149963378906,416.2300109863281,416.8550109863281,225230
2026-04-13T17:40:00.000Z,416.7900085449219,417.7950134277344,416.60009765625,417.4049987792969,240383
2026-04-13T17:45:00.000Z,417.4049987792969,417.4800109863281,416.6700134277344,416.9599914550781,174545
2026-04-13T17:50:00.000Z,417.0199890136719,417.09991455078125,416.5,416.69000244140625,168119
2026-04-13T17:55:00.000Z,416.6700134277344,417.31988525390625,416.5199890136719,416.625,189837
2026-04-13T18:00:00.000Z,416.6499938964844,417,416.29998779296875,416.5350036621094,190449
2026-04-13T18:05:00.000Z,416.4949951171875,417.17999267578125,416.4949951171875,416.57501220703125,186412
2026-04-13T18:10:00.000Z,416.5885009765625,416.80999755859375,415.5,415.8299865722656,215265
2026-04-13T18:15:00.000Z,415.8399963378906,416.07989501953125,415.010009765625,415.2300109863281,174133
2026-04-13T18:20:00.000Z,415.19500732421875,415.45001220703125,414.6499938964844,415.44000244140625,202736
2026-04-13T18:25:00.000Z,415.44000244140625,415.9299011230469,415.1099853515625,415.6000061035156,197711
2026-04-13T18:30:00.000Z,415.6400146484375,416.868408203125,415.42999267578125,416.80999755859375,245320
2026-04-13T18:35:00.000Z,416.9100036621094,417.7900085449219,416.6000061035156,417.4599914550781,324839
2026-04-13T18:40:00.000Z,417.4991149902344,418.0799865722656,417.0799865722656,418.0299072265625,233030
2026-04-13T18:45:00.000Z,418.0299987792969,420.70001220703125,417.9700012207031,420.1000061035156,636033
2026-04-13T18:50:00.000Z,420.135009765625,420.1499938964844,419.04998779296875,419.8800048828125,395958
2026-04-13T18:55:00.000Z,419.909912109375,420.25,419.5,419.7349853515625,232104
2026-04-13T19:00:00.000Z,419.79998779296875,420.94989013671875,419.7349853515625,420.20001220703125,432762
2026-04-13T19:05:00.000Z,420.1151123046875,421.62939453125,420.114990234375,420.8900146484375,493070
2026-04-13T19:10:00.000Z,420.8399963378906,421.4549865722656,420.0400085449219,421.4100036621094,322248
2026-04-13T19:15:00.000Z,421.3699951171875,425.1300048828125,421.3699951171875,424.8299865722656,882374
2026-04-13T19:20:00.000Z,424.9049987792969,425.0199890136719,423.239990234375,423.45001220703125,497565
2026-04-13T19:25:00.000Z,423.45001220703125,423.6300048828125,422.8100891113281,423.04998779296875,373086
2026-04-13T19:30:00.000Z,423.0400085449219,423.6099853515625,422.54010009765625,423.3900146484375,384470
2026-04-13T19:35:00.000Z,423.4599914550781,423.94989013671875,422.9700012207031,423.489990234375,379935
2026-04-13T19:40:00.000Z,423.4549865722656,424.3599853515625,423.4100036621094,424.0400085449219,406934
2026-04-13T19:45:00.000Z,423.989990234375,424.6300048828125,423.82000732421875,424.54998779296875,433500
2026-04-13T19:50:00.000Z,424.5400085449219,425.885009765625,424.510009765625,424.79998779296875,979203
2026-04-13T19:55:00.000Z,424.9100036621094,426.8800048828125,424.8349914550781,426.489990234375,1185307
2026-04-13T20:00:00.000Z,426.57,427.18,426.51,426.8925,0
2026-04-13T20:05:00.000Z,426.875,427.8,418.3952,427.06,0
2026-04-13T20:10:00.000Z,427.06,427.49,426.56,427.0502,0
2026-04-13T20:15:00.000Z,427.06,427.35,426.56,427.25,0
2026-04-13T20:20:00.000Z,427.25,428.96,427.17,427.99,0
2026-04-13T20:25:00.000Z,428,428.24,427.4,428.22,0
2026-04-13T20:30:00.000Z,428.045,428.47,427.75,428.25,0
2026-04-13T20:35:00.000Z,428.2264,428.47,428.1,428.11,0
2026-04-13T20:40:00.000Z,428.16,428.2992,427.75,428.2,0
2026-04-13T20:45:00.000Z,428.3,429.35,428.1,429.1,0
2026-04-13T20:50:00.000Z,429.1005,429.9,429.01,429.88,0
2026-04-13T20:55:00.000Z,429.8682,430.88,429.62,430.78,0
2026-04-13T21:00:00.000Z,430.8,430.89,429.5,429.5025,0
2026-04-13T21:05:00.000Z,429.5,429.6,429,429.02,0
2026-04-13T21:10:00.000Z,429,429.88,428.5059,429.76,0
2026-04-13T21:15:00.000Z,429.8,430.5,429.7,430.0143,0
2026-04-13T21:20:00.000Z,430,430.08,429.5,429.7499,0
2026-04-13T21:25:00.000Z,429.7,429.78,429.28,429.45,0
2026-04-13T21:30:00.000Z,429.45,429.55,415.3825,429.1,0
2026-04-13T21:35:00.000Z,429.02,429.4,415.3825,428.548,0
2026-04-13T21:40:00.000Z,428.3375,428.86,428.0301,428.35,0
2026-04-13T21:45:00.000Z,428.35,428.35,427.5,427.75,0
2026-04-13T21:50:00.000Z,427.86,428.35,427.86,428.35,0
2026-04-13T21:55:00.000Z,428.3499,428.761,428.05,428.05,0
2026-04-13T22:00:00.000Z,428.16,429.4002,428.1,429.25,0
2026-04-13T22:05:00.000Z,429.45,429.45,428.5,428.9,0
2026-04-13T22:10:00.000Z,428.83,429.15,428.1,428.88,0
2026-04-13T22:15:00.000Z,428.83,429.08,428.41,429.01,0
2026-04-13T22:20:00.000Z,429.07,429.811,428.74,429.52,0
2026-04-13T22:25:00.000Z,429.53,429.53,428.74,429.2,0
2026-04-13T22:30:00.000Z,429.21,429.55,428.8,429.38,0
2026-04-13T22:35:00.000Z,429.3,430,429.18,429.995,0
2026-04-13T22:40:00.000Z,429.913,430.1,429.6601,429.85,0
2026-04-13T22:45:00.000Z,429.91,430,429.5,429.6,0
2026-04-13T22:50:00.000Z,429.6709,430,429.67,429.7,0
2026-04-13T22:55:00.000Z,429.77,429.99,429.7,429.8999,0
2026-04-13T23:00:00.000Z,429.9,430.13,429.3,429.75,0
2026-04-13T23:05:00.000Z,429.76,430.21,429.3225,430.21,0
2026-04-13T23:10:00.000Z,430.21,430.44,429.78,429.79,0
2026-04-13T23:15:00.000Z,429.75,430,429.3,429.4,0
2026-04-13T23:20:00.000Z,429.4,429.99,429.3,429.35,0
2026-04-13T23:25:00.000Z,429.3,429.41,429.21,429.35,0
2026-04-13T23:30:00.000Z,429.32,429.32,429,429.07,0
2026-04-13T23:35:00.000Z,429.0017,429.17,428.85,429.08,0
2026-04-13T23:40:00.000Z,429.15,429.9,429.02,429.45,0
2026-04-13T23:45:00.000Z,429.7,429.7,429.25,429.495,0
2026-04-13T23:50:00.000Z,429.5321,430.25,429.4,430.02,0
2026-04-13T23:55:00.000Z,430.1,430.85,430,430.5,0
2026-04-14T08:00:00.000Z,434.15,437,426.56,435.49,0
2026-04-14T08:05:00.000Z,435.16,436.6337,435.02,435.95,0
2026-04-14T08:10:00.000Z,435.8,436.99,432.83,435.95,0
2026-04-14T08:15:00.000Z,435.5356,436.84,435.5095,436.84,0
2026-04-14T08:20:00.000Z,436.65,437.6,436.1202,437.5003,0
2026-04-14T08:25:00.000Z,437.58,438.4,437.1127,438,0
2026-04-14T08:30:00.000Z,438,438.2,437,437.8,0
2026-04-14T08:35:00.000Z,437.99,439.5,437.7003,439.27,0
2026-04-14T08:40:00.000Z,439.26,440.49,439.1,440.34,0
2026-04-14T08:45:00.000Z,439.6012,440.4,439.5,440,0
2026-04-14T08:50:00.000Z,439.75,440.02,438.92,439.3,0
2026-04-14T08:55:00.000Z,439.3,439.69,439.18,439.36,0
2026-04-14T09:00:00.000Z,439.36,439.68,438,438.44,0
2026-04-14T09:05:00.000Z,438.44,438.9213,438.18,438.34,0
2026-04-14T09:10:00.000Z,438.11,438.5,437,438.4,0
2026-04-14T09:15:00.000Z,438.4988,438.99,438,438.47,0
2026-04-14T09:20:00.000Z,438.5739,438.73,438,438.72,0
2026-04-14T09:25:00.000Z,438.55,438.6087,437.45,437.55,0
2026-04-14T09:30:00.000Z,437.75,437.75,436.5,437.15,0
2026-04-14T09:35:00.000Z,437.2644,437.29,436.8,437.17,0
2026-04-14T09:40:00.000Z,437.2,437.49,436.8,436.88,0
2026-04-14T09:45:00.000Z,436.9,437.44,436.53,437,0
2026-04-14T09:50:00.000Z,437.18,437.3,436.06,436.1,0
2026-04-14T09:55:00.000Z,436.1,437,436,436.385,0
2026-04-14T10:00:00.000Z,436.45,436.62,436,436.3,0
2026-04-14T10:05:00.000Z,436.5,437.48,436.5,437.3099,0
2026-04-14T10:10:00.000Z,437.49,438.28,436.608,438.23,0
2026-04-14T10:15:00.000Z,438.03,438.23,437.25,438,0
2026-04-14T10:20:00.000Z,438.05,438.2,437.36,438.18,0
2026-04-14T10:25:00.000Z,438.0156,438.23,435.53,436,0
2026-04-14T10:30:00.000Z,436,436.7,434,434.5,0
2026-04-14T10:35:00.000Z,434.58,435.9374,433.32,433.5,0
2026-04-14T10:40:00.000Z,433.99,433.99,431.6,431.6,0
2026-04-14T10:45:00.000Z,431.97,433.8,431.673,433.52,0
2026-04-14T10:50:00.000Z,433.8,434.5,433.1,434.17,0
2026-04-14T10:55:00.000Z,434.31,434.72,433.58,433.58,0
2026-04-14T11:00:00.000Z,433.5,435.99,433.5,435.77,0
2026-04-14T11:05:00.000Z,435.652,436.66,435.38,435.55,0
2026-04-14T11:10:00.000Z,435.6723,436,434.5,434.76,0
2026-04-14T11:15:00.000Z,434.8,435,434,434.87,0
2026-04-14T11:20:00.000Z,434.88,435.13,433.82,434.5466,0
2026-04-14T11:25:00.000Z,434.75,435,433.5,433.9263,0
2026-04-14T11:30:00.000Z,433.9644,434.44,433.07,434.44,0
2026-04-14T11:35:00.000Z,434.4171,435.49,434,435,0
2026-04-14T11:40:00.000Z,435.12,436,435,435.76,0
2026-04-14T11:45:00.000Z,435.6296,436.7,435.07,436.42,0
2026-04-14T11:50:00.000Z,436.42,437.19,435.76,435.934,0
2026-04-14T11:55:00.000Z,435.87,436.78,435.4,436.011,0
2026-04-14T12:00:00.000Z,436.24,436.77,435.52,435.71,0
2026-04-14T12:05:00.000Z,435.7,436.3336,435.29,435.8615,0
2026-04-14T12:10:00.000Z,435.87,436.32,434.86,435,0
2026-04-14T12:15:00.000Z,435,435.29,432.97,434.03,0
2026-04-14T12:20:00.000Z,434,434.0936,433.25,433.45,0
2026-04-14T12:25:00.000Z,433.686,433.686,431.31,432.869,0
2026-04-14T12:30:00.000Z,432.91,433.9,431.44,433.492,0
2026-04-14T12:35:00.000Z,433.76,434.65,433.44,434.65,0
2026-04-14T12:40:00.000Z,434.51,435.37,433.064,434.1,0
2026-04-14T12:45:00.000Z,433.89,434.5,433.5,434.23,0
2026-04-14T12:50:00.000Z,434.11,434.47,431.67,432.2914,0
2026-04-14T12:55:00.000Z,432.2,433.98,432.15,433.2,0
2026-04-14T13:00:00.000Z,433.22,433.22,432.05,432.1507,0
2026-04-14T13:05:00.000Z,432.27,434.5,432.27,434.47,0
2026-04-14T13:10:00.000Z,434.32,434.49,433.3,433.92,0
2026-04-14T13:15:00.000Z,433.95,434.25,420.97,432.9817,0
2026-04-14T13:20:00.000Z,432.5,433,431.85,433,0
2026-04-14T13:25:00.000Z,432.96,434.99,432.68,434.51,0
2026-04-14T13:30:00.000Z,434.29998779296875,438.3699035644531,424.8599853515625,430.610107421875,4449174
2026-04-14T13:35:00.000Z,430.6499938964844,431.3399963378906,425,425.56500244140625,1236779
2026-04-14T13:40:00.000Z,425.59130859375,430.7699890136719,425,430.34381103515625,979312
2026-04-14T13:45:00.000Z,430.4200134277344,432.6099853515625,428.010009765625,430.135009765625,997577
2026-04-14T13:50:00.000Z,430.1400146484375,433.1199951171875,429.80718994140625,432.510009765625,710216
2026-04-14T13:55:00.000Z,432.5079040527344,432.5079040527344,428.60009765625,431.1000061035156,655714
2026-04-14T14:00:00.000Z,431.2799987792969,432.3233947753906,429.29998779296875,429.6400146484375,616404
2026-04-14T14:05:00.000Z,429.5799865722656,431.94989013671875,429.4901123046875,431.7799987792969,394419
2026-04-14T14:10:00.000Z,431.7950134277344,435.4200134277344,431.7950134277344,435.3500061035156,779810
2026-04-14T14:15:00.000Z,435.42999267578125,440.1499938964844,435.17010498046875,437.57000732421875,1282854
2026-04-14T14:20:00.000Z,437.6700134277344,440.79998779296875,437.3800048828125,440.125,848977
2026-04-14T14:25:00.000Z,440.1499938964844,440.29998779296875,437.8299865722656,438.8702087402344,553653
2026-04-14T14:30:00.000Z,439.010009765625,439.82000732421875,437.2500915527344,438.135009765625,471020
2026-04-14T14:35:00.000Z,438.0799865722656,439.2300109863281,437.29998779296875,437.42999267578125,442542
2026-04-14T14:40:00.000Z,437.5199890136719,437.79998779296875,435.68499755859375,436.4700012207031,423354
2026-04-14T14:45:00.000Z,436.4700012207031,436.57000732421875,435.43011474609375,436.0198974609375,352938
2026-04-14T14:50:00.000Z,436.0199890136719,437.8999938964844,435.9800109863281,437.32000732421875,402992
2026-04-14T14:55:00.000Z,437.2200012207031,437.55999755859375,435.0199890136719,435.80999755859375,317174
2026-04-14T15:00:00.000Z,435.80999755859375,435.92999267578125,433.1000061035156,433.12701416015625,391437
2026-04-14T15:05:00.000Z,433.1062927246094,433.8699035644531,431.260009765625,432.0494079589844,664884
2026-04-14T15:10:00.000Z,431.94000244140625,434.8900146484375,431.9100036621094,434.20001220703125,453912
2026-04-14T15:15:00.000Z,434.0899963378906,436.8699035644531,433.54010009765625,436.7200012207031,377090
2026-04-14T15:20:00.000Z,436.5799865722656,437.489990234375,436.3901062011719,437.1099853515625,403812
2026-04-14T15:25:00.000Z,437.1050109863281,438.69989013671875,436.9901123046875,438.2598876953125,405019
2026-04-14T15:30:00.000Z,438.17498779296875,438.79998779296875,437.80999755859375,438.54998779296875,317325
2026-04-14T15:35:00.000Z,438.5,440.3598937988281,438.3500061035156,439.67999267578125,460233
2026-04-14T15:40:00.000Z,439.6199951171875,440.25,438.8800964355469,439.39990234375,320377
2026-04-14T15:45:00.000Z,439.5198974609375,441.8669128417969,439.1199951171875,441.73199462890625,503640
2026-04-14T15:50:00.000Z,441.6650085449219,442.1000061035156,440.5000915527344,440.9700012207031,435921
2026-04-14T15:55:00.000Z,440.7799987792969,441.1499938964844,439.1200866699219,439.30999755859375,408372
2026-04-14T16:00:00.000Z,439.3450012207031,442.9700012207031,439.2200927734375,442.239990234375,558017
2026-04-14T16:05:00.000Z,442.239990234375,443.25,441.44000244140625,442.9800109863281,461919
2026-04-14T16:10:00.000Z,442.8500061035156,442.9700012207031,441.5,442.4200134277344,287878
2026-04-14T16:15:00.000Z,442.4200134277344,443.7898864746094,442.4200134277344,442.922607421875,396032
2026-04-14T16:20:00.000Z,442.8200988769531,444.6199951171875,442.7799987792969,444.50531005859375,474563
2026-04-14T16:25:00.000Z,444.42999267578125,444.8699035644531,444.1000061035156,444.1499938964844,280953
2026-04-14T16:30:00.000Z,444.1199951171875,444.368896484375,443.0299987792969,443.32000732421875,257210
2026-04-14T16:35:00.000Z,443.3799133300781,443.3799133300781,442.25,442.79998779296875,887023
2026-04-14T16:40:00.000Z,442.81500244140625,444.1189880371094,442.78009033203125,443.9599914550781,794038
2026-04-14T16:45:00.000Z,443.95001220703125,444.59991455078125,443.7799987792969,443.9949035644531,766711
2026-04-14T16:50:00.000Z,443.9849853515625,445.1189880371094,443.5400085449219,444.69000244140625,362656
2026-04-14T16:55:00.000Z,444.6400146484375,445,444.0199890136719,444.3999938964844,220039
2026-04-14T17:00:00.000Z,444.3299865722656,447.20001220703125,444.1499938964844,447.14990234375,523027
2026-04-14T17:05:00.000Z,447.1499938964844,449.69989013671875,447.0400085449219,447.8301086425781,848085
2026-04-14T17:10:00.000Z,447.8999938964844,449.4800109863281,447.57000732421875,449.05999755859375,411206
2026-04-14T17:15:00.000Z,449.1600036621094,452.7699890136719,449.010009765625,452.3680114746094,1048021
2026-04-14T17:20:00.000Z,452.3500061035156,454.2799987792969,451.9100036621094,453.9375915527344,721707
2026-04-14T17:25:00.000Z,453.8999938964844,454.1199951171875,452.5400085449219,453.0400085449219,627292
2026-04-14T17:30:00.000Z,453.1300048828125,454.67999267578125,452.6199951171875,454.625,510035
2026-04-14T17:35:00.000Z,454.635009765625,456.1700134277344,454.30010986328125,455.3699951171875,678433
2026-04-14T17:40:00.000Z,455.43499755859375,455.5899963378906,453.8299865722656,454.20001220703125,473504
2026-04-14T17:45:00.000Z,454.1099853515625,455.17999267578125,454.010009765625,455.05999755859375,350785
2026-04-14T17:50:00.000Z,455.1000061035156,456.5299987792969,455.1000061035156,455.8360900878906,501988
2026-04-14T17:55:00.000Z,455.8299865722656,456.739990234375,455.6199951171875,456.4700012207031,400721
2026-04-14T18:00:00.000Z,456.4800109863281,457.4200134277344,456.010009765625,457.3100891113281,468283
2026-04-14T18:05:00.000Z,457.41900634765625,458.45989990234375,457.3699951171875,457.6099853515625,549749
2026-04-14T18:10:00.000Z,457.67999267578125,458,457,457.260009765625,323036
2026-04-14T18:15:00.000Z,457.20001220703125,457.3999938964844,455.2699890136719,455.32000732421875,512605
2026-04-14T18:20:00.000Z,455.44000244140625,456.3900146484375,454.7300109863281,455.0899963378906,545133
2026-04-14T18:25:00.000Z,455.16290283203125,457.010009765625,454.8500061035156,456.4800109863281,408596
2026-04-14T18:30:00.000Z,456.44000244140625,457.54998779296875,456.3699951171875,457.1099853515625,306281
2026-04-14T18:35:00.000Z,457.1300048828125,457.6000061035156,455.80499267578125,456.04998779296875,329088
2026-04-14T18:40:00.000Z,456.1000061035156,456.5050048828125,453.3299865722656,454.0650939941406,842620
2026-04-14T18:45:00.000Z,454.04998779296875,454.8800048828125,453.6400146484375,454.70001220703125,611522
2026-04-14T18:50:00.000Z,454.6549987792969,454.79998779296875,453.1600036621094,453.4154052734375,448672
2026-04-14T18:55:00.000Z,453.20001220703125,453.4800109863281,452.2900085449219,453.2650146484375,478697
2026-04-14T19:00:00.000Z,453.3099060058594,454.7698974609375,453.25,454.7698974609375,423039
2026-04-14T19:05:00.000Z,454.7049865722656,455.5657043457031,454.3987121582031,455.19000244140625,186591
2026-04-14T19:10:00.000Z,455.19000244140625,457.46990966796875,455.010009765625,456.760009765625,610941
2026-04-14T19:15:00.000Z,456.760009765625,458.7499084472656,456.7301025390625,458.31500244140625,610630
2026-04-14T19:20:00.000Z,458.3349914550781,459.5,458.1449890136719,458.9100036621094,584780
2026-04-14T19:25:00.000Z,458.93499755859375,460.2300109863281,458.8949890136719,460.010009765625,655763
2026-04-14T19:30:00.000Z,459.95001220703125,461.39990234375,459.6000061035156,460.5199890136719,684416
2026-04-14T19:35:00.000Z,460.56500244140625,460.9049987792969,459.3800048828125,460.8900146484375,525148
2026-04-14T19:40:00.000Z,460.8900146484375,461.20001220703125,460.20001220703125,460.4049987792969,524850
2026-04-14T19:45:00.000Z,460.44000244140625,460.70001220703125,459.1499938964844,459.69000244140625,566224
2026-04-14T19:50:00.000Z,459.70001220703125,462.7650146484375,459.69000244140625,462.55499267578125,899028
2026-04-14T19:55:00.000Z,462.6099853515625,465.7799987792969,462.6099853515625,465.4224853515625,2264210
2026-04-14T20:00:00.000Z,465.39,465.66,464,465.12,0
2026-04-14T20:05:00.000Z,465.0282,467.93,464.8,466.66,0
2026-04-14T20:10:00.000Z,466.8868,467.7,465.66,467.59,0
2026-04-14T20:15:00.000Z,467.7112,467.72,444.6514,466.2,0
2026-04-14T20:20:00.000Z,466.07,466.24,460.2,464.6,0
2026-04-14T20:25:00.000Z,464.56,464.76,462.5,463.7,0
2026-04-14T20:30:00.000Z,463.7,463.99,461.67,462.25,0
2026-04-14T20:35:00.000Z,462.82,463.59,462.2,463.01,0
2026-04-14T20:40:00.000Z,463.22,465.66,463.01,464.12,0
2026-04-14T20:45:00.000Z,464.1493,464.1493,461.8,461.95,0
2026-04-14T20:50:00.000Z,461.8,462.31,461.5,462.2675,0
2026-04-14T20:55:00.000Z,462.05,462.17,461.5,461.61,0
2026-04-14T21:00:00.000Z,461.51,462.25,461.2,461.21,0
2026-04-14T21:05:00.000Z,461.2264,462.47,459.39,460.36,0
2026-04-14T21:10:00.000Z,460.36,461,458.15,459.348,0
2026-04-14T21:15:00.000Z,459.19,460,458.52,459.5001,0
2026-04-14T21:20:00.000Z,459.6,460.9,459.3008,460.4,0
2026-04-14T21:25:00.000Z,460.4,465.66,460.1737,460.49,0
2026-04-14T21:30:00.000Z,460.39,465.66,460,460.01,0
2026-04-14T21:35:00.000Z,460.22,460.7,460,460.31,0
2026-04-14T21:40:00.000Z,460.6,461.4,460.6,461,0
2026-04-14T21:45:00.000Z,461.02,461.45,460.65,461,0
2026-04-14T21:50:00.000Z,461.4,461.4,460.65,460.8999,0
2026-04-14T21:55:00.000Z,460.63,460.85,459.8,460.2065,0
2026-04-14T22:00:00.000Z,460.22,460.5,459.63,460.07,0
2026-04-14T22:05:00.000Z,460.0808,465.66,460.01,461.66,0
2026-04-14T22:10:00.000Z,461.39,461.64,460.5,460.93,0
2026-04-14T22:15:00.000Z,460.5682,461.48,460.5682,461.48,0
2026-04-14T22:20:00.000Z,461.38,465.66,460.6316,460.89,0
2026-04-14T22:25:00.000Z,460.88,460.9285,460.3,460.5,0
2026-04-14T22:30:00.000Z,460.389,460.6,458.62,458.64,0
2026-04-14T22:35:00.000Z,458.62,458.89,457,458.18,0
2026-04-14T22:40:00.000Z,458.05,459.98,458,459.3001,0
2026-04-14T22:45:00.000Z,459.3,459.42,458.5,458.69,0
2026-04-14T22:50:00.000Z,458.69,459,458,458.3,0
2026-04-14T22:55:00.000Z,458.3,458.7435,457.6,458.335,0
2026-04-14T23:00:00.000Z,458.35,459.4996,458.25,459.45,0
2026-04-14T23:05:00.000Z,459.5,459.8,459,459.68,0
2026-04-14T23:10:00.000Z,459.7,459.8,459.05,459.6442,0
2026-04-14T23:15:00.000Z,459.65,459.8,459.12,459.8,0
2026-04-14T23:20:00.000Z,459.6,460.57,459.5,460.56,0
2026-04-14T23:25:00.000Z,460.45,460.75,460,460.5472,0
2026-04-14T23:30:00.000Z,460.7155,461.58,460.01,461.58,0
2026-04-14T23:35:00.000Z,461.4,461.98,461.18,461.97,0
2026-04-14T23:40:00.000Z,461.8,462.68,461.6085,461.88,0
2026-04-14T23:45:00.000Z,462.15,463.4,462,462.85,0
2026-04-14T23:50:00.000Z,462.8,463,461.0043,462.22,0
2026-04-14T23:55:00.000Z,462.2,462.22,461,461.15,0
2026-04-15T08:00:00.000Z,455.66,465.66,452.01,458,0
2026-04-15T08:05:00.000Z,458,458.8,456,456.9997,0
2026-04-15T08:10:00.000Z,456.73,460.37,452.12,456.78,0
2026-04-15T08:15:00.000Z,456.97,457.45,456.52,457.08,0
2026-04-15T08:20:00.000Z,456.98,457.4,456.5417,457.4,0
2026-04-15T08:25:00.000Z,457.4,457.8,457.2,457.5,0
2026-04-15T08:30:00.000Z,457.3,457.9652,457,457,0
2026-04-15T08:35:00.000Z,457.01,457.8,456.89,457.51,0
2026-04-15T08:40:00.000Z,457.51,458,457.0909,457.46,0
2026-04-15T08:45:00.000Z,457.3,458,457,457.87,0
2026-04-15T08:50:00.000Z,457.82,458.1988,457.2,457.7,0
2026-04-15T08:55:00.000Z,457.75,458.2,457.61,457.95,0
2026-04-15T09:00:00.000Z,457.84,458.4862,456.72,457,0
2026-04-15T09:05:00.000Z,456.8,458,456.2,456.53,0
2026-04-15T09:10:00.000Z,456.53,456.78,454.54,455.18,0
2026-04-15T09:15:00.000Z,455,456,454.8,455.55,0
2026-04-15T09:20:00.000Z,455.78,456.39,455.5,455.9733,0
2026-04-15T09:25:00.000Z,455.97,456,455.1,455.77,0
2026-04-15T09:30:00.000Z,455.6,456.5,455.51,455.77,0
2026-04-15T09:35:00.000Z,455.82,456.4619,454.6687,454.6687,0
2026-04-15T09:40:00.000Z,454.89,455.2604,454.1,454.39,0
2026-04-15T09:45:00.000Z,454.35,454.57,454.01,454.125,0
2026-04-15T09:50:00.000Z,454.25,454.89,454.1,454.5,0
2026-04-15T09:55:00.000Z,454.5,454.89,454.4,454.439,0
2026-04-15T10:00:00.000Z,454.41,455.3,454.41,455.1,0
2026-04-15T10:05:00.000Z,455.19,455.9,455.02,455.9,0
2026-04-15T10:10:00.000Z,455.9,456.4,455.2,456,0
2026-04-15T10:15:00.000Z,456.15,456.485,454.4,454.4365,0
2026-04-15T10:20:00.000Z,454.43,455.0988,454.24,454.46,0
2026-04-15T10:25:00.000Z,454.42,454.42,452.31,452.4896,0
2026-04-15T10:30:00.000Z,452.5,452.98,450.65,450.7,0
2026-04-15T10:35:00.000Z,451.17,452.79,450.8,452.77,0
2026-04-15T10:40:00.000Z,452.77,454,452.5,453.609,0
2026-04-15T10:45:00.000Z,453.69,453.78,453.01,453.2993,0
2026-04-15T10:50:00.000Z,453.29,453.975,453.01,453.4,0
2026-04-15T10:55:00.000Z,453.35,454.47,452.65,454.34,0
2026-04-15T11:00:00.000Z,453.86,465.66,452.76,453.3484,0
2026-04-15T11:05:00.000Z,453.21,454,452.9,453.32,0
2026-04-15T11:10:00.000Z,453.59,454.7,453.25,454.6,0
2026-04-15T11:15:00.000Z,454.6,454.9,453.57,453.8499,0
2026-04-15T11:20:00.000Z,453.84,454.4061,453.23,454.4061,0
2026-04-15T11:25:00.000Z,454.4,454.79,453.8,454,0
2026-04-15T11:30:00.000Z,453.565,454.9,453.565,454.47,0
2026-04-15T11:35:00.000Z,454.65,455.8,454.3903,455.7545,0
2026-04-15T11:40:00.000Z,455.8,455.8,454.74,455,0
2026-04-15T11:45:00.000Z,455,456.98,454.78,456.2881,0
2026-04-15T11:50:00.000Z,456.8921,457,455.5,456.42,0
2026-04-15T11:55:00.000Z,456.42,456.8799,456,456.15,0
2026-04-15T12:00:00.000Z,456.1782,456.59,455,455,0
2026-04-15T12:05:00.000Z,455.0289,455.6003,454.4,455.052,0
2026-04-15T12:10:00.000Z,455.19,455.4,453.8,453.9,0
2026-04-15T12:15:00.000Z,453.91,454.4945,453.61,454.38,0
2026-04-15T12:20:00.000Z,454.1507,455.14,453.7,454.3,0
2026-04-15T12:25:00.000Z,454.2844,454.3029,453.64,454.2,0
2026-04-15T12:30:00.000Z,454,455.29,453.67,455.09,0
2026-04-15T12:35:00.000Z,455.0369,455.53,454.8,454.8,0
2026-04-15T12:40:00.000Z,454.95,456.25,454.5075,455.67,0
2026-04-15T12:45:00.000Z,455.67,455.8,455,455.4,0
2026-04-15T12:50:00.000Z,455.3,455.4675,454.55,455.1999,0
2026-04-15T12:55:00.000Z,455.1,455.7598,454.9,455.02,0
2026-04-15T13:00:00.000Z,455.2503,455.3,453.5703,454.15,0
2026-04-15T13:05:00.000Z,454.2,454.48,453.41,453.82,0
2026-04-15T13:10:00.000Z,453.8,454.9,453.6,454.7405,0
2026-04-15T13:15:00.000Z,454.8531,454.99,453.41,453.7609,0
2026-04-15T13:20:00.000Z,453.61,453.9,452.5,452.68,0
2026-04-15T13:25:00.000Z,452.99,457.99,452.99,457.89,0
2026-04-15T13:30:00.000Z,457.1099853515625,463.92999267578125,455.9320068359375,459.8999938964844,3731226
2026-04-15T13:35:00.000Z,459.8999938964844,461.3699035644531,457.2300109863281,459.5199890136719,1068776
2026-04-15T13:40:00.000Z,459.5199890136719,460.4800109863281,455.9800109863281,456.29010009765625,976427
2026-04-15T13:45:00.000Z,456.29998779296875,459.7900085449219,452.67999267578125,453.95001220703125,1162690
2026-04-15T13:50:00.000Z,454.1449890136719,456.69000244140625,454.0000915527344,455.4800109863281,998998
2026-04-15T13:55:00.000Z,455.4750061035156,456.4700012207031,452.25,452.614990234375,839631
2026-04-15T14:00:00.000Z,452.7049865722656,454.0849914550781,450.6409912109375,454.0849914550781,892354
2026-04-15T14:05:00.000Z,454.0899963378906,454.76690673828125,447.55999755859375,449.5350036621094,1180079
2026-04-15T14:10:00.000Z,449.5350036621094,449.93499755859375,447.6000061035156,447.6000061035156,702100
2026-04-15T14:15:00.000Z,447.635009765625,448.159912109375,444.29998779296875,445.1319885253906,1001283
2026-04-15T14:20:00.000Z,445.17999267578125,450.29998779296875,445.1000061035156,450.05999755859375,943122
2026-04-15T14:25:00.000Z,450.125,451.54998779296875,449.54998779296875,449.9200134277344,735371
2026-04-15T14:30:00.000Z,450.05499267578125,450.1099853515625,448.0799865722656,449.5950012207031,554325
2026-04-15T14:35:00.000Z,449.7099914550781,451.95001220703125,449.19000244140625,450.364990234375,556475
2026-04-15T14:40:00.000Z,450.4800109863281,453.159912109375,450.4059143066406,452.3399963378906,617960
2026-04-15T14:45:00.000Z,452.44000244140625,453.489990234375,451.70001220703125,452.79998779296875,656696
2026-04-15T14:50:00.000Z,452.7900085449219,453.8900146484375,452.05999755859375,452.5899963378906,553851
2026-04-15T14:55:00.000Z,452.4800109863281,452.8699035644531,450.6099853515625,451.0199890136719,445424
2026-04-15T15:00:00.000Z,450.8999938964844,451.0299987792969,449.30999755859375,450.8201904296875,605592
2026-04-15T15:05:00.000Z,450.7250061035156,452.32000732421875,450,451.6199951171875,373803
2026-04-15T15:10:00.000Z,451.61871337890625,453.3500061035156,451.29998779296875,452.9800109863281,384735
2026-04-15T15:15:00.000Z,452.93499755859375,453.14990234375,451.2099914550781,451.760009765625,235615
2026-04-15T15:20:00.000Z,451.7850036621094,451.7850036621094,450.6199951171875,451.0553894042969,261937
2026-04-15T15:25:00.000Z,451.20001220703125,451.8598937988281,450.30999755859375,450.7799072265625,270777
2026-04-15T15:30:00.000Z,450.70001220703125,450.70001220703125,448.17999267578125,448.56500244140625,395670
2026-04-15T15:35:00.000Z,448.5799865722656,449.3399963378906,448.29998779296875,448.7799987792969,285335
2026-04-15T15:40:00.000Z,448.79998779296875,450.17999267578125,448.7349853515625,449.7449951171875,323449
2026-04-15T15:45:00.000Z,449.8399963378906,450.2699890136719,448.9599914550781,448.9849853515625,318564
2026-04-15T15:50:00.000Z,448.9649963378906,449.18499755859375,447.5199890136719,447.6700134277344,339311
2026-04-15T15:55:00.000Z,447.6400146484375,447.7453918457031,446.20001220703125,446.6000061035156,377362
2026-04-15T16:00:00.000Z,446.6499938964844,447.63250732421875,445.17999267578125,446.30999755859375,437883
2026-04-15T16:05:00.000Z,446.25,447.7420959472656,445.41009521484375,447.6000061035156,347797
2026-04-15T16:10:00.000Z,447.5513000488281,447.8999938964844,447.0899963378906,447.5150146484375,225890
2026-04-15T16:15:00.000Z,447.5150146484375,448.17999267578125,446.6400146484375,447.8999938964844,303960
2026-04-15T16:20:00.000Z,447.89990234375,448.3399963378906,447.1700134277344,447.302490234375,211066
2026-04-15T16:25:00.000Z,447.1499938964844,447.2200012207031,445.57000732421875,445.80999755859375,286526
2026-04-15T16:30:00.000Z,445.82000732421875,446.0400085449219,444.5574035644531,445.30999755859375,414811
2026-04-15T16:35:00.000Z,445.29998779296875,446.1600036621094,445.20001220703125,445.2699890136719,230392
2026-04-15T16:40:00.000Z,445.2650146484375,445.32958984375,442,442.4700012207031,680424
2026-04-15T16:45:00.000Z,442.5350036621094,443.010009765625,441.3999938964844,442.2850036621094,519976
2026-04-15T16:50:00.000Z,442.2799987792969,442.8900146484375,439.6000061035156,440,705422
2026-04-15T16:55:00.000Z,440.1000061035156,442.7799987792969,439.32000732421875,442.5801086425781,551472
2026-04-15T17:00:00.000Z,442.6300048828125,443.69989013671875,442.10009765625,443.3900146484375,457495
2026-04-15T17:05:00.000Z,443.385009765625,444.9700012207031,443.3349914550781,444.1600036621094,395402
2026-04-15T17:10:00.000Z,444.20001220703125,444.260009765625,443.010009765625,443.80499267578125,270599
2026-04-15T17:15:00.000Z,443.80499267578125,444.57989501953125,443.25,444.0350036621094,227328
2026-04-15T17:20:00.000Z,443.9700012207031,444.8699951171875,443.80999755859375,444.489990234375,170408
2026-04-15T17:25:00.000Z,444.510009765625,445.7200012207031,444.3999938964844,445.1400146484375,341212
2026-04-15T17:30:00.000Z,445.1549987792969,446.69000244140625,445.0400085449219,446.6099853515625,238794
2026-04-15T17:35:00.000Z,446.65460205078125,446.8800048828125,446.2099914550781,446.364990234375,223994
2026-04-15T17:40:00.000Z,446.32659912109375,446.6499938964844,445.5101013183594,445.7550048828125,222021
2026-04-15T17:45:00.000Z,445.79998779296875,447.3699951171875,445.79998779296875,447.2250061035156,231411
2026-04-15T17:50:00.000Z,447.2250061035156,448.35528564453125,447.2250061035156,448.1600036621094,270834
2026-04-15T17:55:00.000Z,448.17999267578125,448.489990234375,447.5,447.80999755859375,235277
2026-04-15T18:00:00.000Z,447.7550048828125,449.3699951171875,447.0400085449219,447.7550048828125,360715
2026-04-15T18:05:00.000Z,447.7550048828125,448.8399963378906,447.5400085449219,448.5,199444
2026-04-15T18:10:00.000Z,448.54998779296875,449.6289978027344,448.1199951171875,449.1099853515625,229577
2026-04-15T18:15:00.000Z,449.20001220703125,450.2900085449219,449.1642150878906,449.659912109375,351802
2026-04-15T18:20:00.000Z,449.4599914550781,450.510009765625,449.25,450.30499267578125,223058
2026-04-15T18:25:00.000Z,450.3399963378906,450.5,449.5950012207031,449.939208984375,189374
2026-04-15T18:30:00.000Z,449.6099853515625,450.4399108886719,449.5,450.20001220703125,163670
2026-04-15T18:35:00.000Z,450.1549987792969,450.8699035644531,449.7900085449219,450.3431091308594,185461
2026-04-15T18:40:00.000Z,450.25,450.45001220703125,449.03009033203125,449.2950134277344,163753
2026-04-15T18:45:00.000Z,449.3699951171875,449.69000244140625,449,449.5000915527344,196571
2026-04-15T18:50:00.000Z,449.57000732421875,450.59991455078125,449.5450134277344,450.3349914550781,211111
2026-04-15T18:55:00.000Z,450.4200134277344,450.8539123535156,450.0201110839844,450.5199890136719,192931
2026-04-15T19:00:00.000Z,450.6199951171875,451.25,450.1000061035156,450.95001220703125,247271
2026-04-15T19:05:00.000Z,450.9100036621094,452.1799011230469,450.9100036621094,451.8999938964844,306929
2026-04-15T19:10:00.000Z,451.9374084472656,452.6000061035156,451.54998779296875,452.05999755859375,346998
2026-04-15T19:15:00.000Z,452.1400146484375,452.69000244140625,451.8999938964844,452.3800048828125,238669
2026-04-15T19:20:00.000Z,452.4150085449219,453.4200134277344,452.3800048828125,453.1199951171875,272352
2026-04-15T19:25:00.000Z,453.0700988769531,454.5557861328125,452.9649963378906,454.5035095214844,365770
2026-04-15T19:30:00.000Z,454.5350036621094,455.6299133300781,454.5000915527344,455.35430908203125,514611
2026-04-15T19:35:00.000Z,455.3900146484375,456.010009765625,454.7401123046875,454.94000244140625,379136
2026-04-15T19:40:00.000Z,454.8876953125,455.25,454.0101013183594,454.20001220703125,398328
2026-04-15T19:45:00.000Z,454.20001220703125,454.3992004394531,452.885009765625,453.6199951171875,428202
2026-04-15T19:50:00.000Z,453.6199951171875,454.5,453.3346862792969,454.17999267578125,461639
2026-04-15T19:55:00.000Z,454.20001220703125,456.3599853515625,454.20001220703125,456.239990234375,1314627
2026-04-15T20:00:00.000Z,456.23,456.2998,454.11,454.69,0
2026-04-15T20:05:00.000Z,454.73,456.23,454.01,454.21,0
2026-04-15T20:10:00.000Z,454.2071,456.23,452.07,453,0
2026-04-15T20:15:00.000Z,452.72,456.23,452.44,453.6,0
2026-04-15T20:20:00.000Z,453.43,454.37,452.7301,453.5,0
2026-04-15T20:25:00.000Z,453.7168,456.23,453.22,453.6,0
2026-04-15T20:30:00.000Z,453.75,454.8,453.4,454,0
2026-04-15T20:35:00.000Z,454.28,454.7988,453.76,453.76,0
2026-04-15T20:40:00.000Z,453.7332,454.4,453.65,454,0
2026-04-15T20:45:00.000Z,453.885,454.29,453.5,453.5,0
2026-04-15T20:50:00.000Z,453.69,456.23,453.22,454,0
2026-04-15T20:55:00.000Z,454.1,454.8,454,454.8,0
2026-04-15T21:00:00.000Z,454.87,454.89,454,454.21,0
2026-04-15T21:05:00.000Z,454.44,454.6,454.01,454.1,0
2026-04-15T21:10:00.000Z,454.45,454.45,454.01,454.08,0
2026-04-15T21:15:00.000Z,454.3919,454.3919,454.01,454.1,0
2026-04-15T21:20:00.000Z,454.1,454.33,454.01,454.11,0
2026-04-15T21:25:00.000Z,454.1299,454.26,454.01,454.1,0
2026-04-15T21:30:00.000Z,454.071,454.2,453.7,453.75,0
2026-04-15T21:35:00.000Z,453.75,454.2,453.75,454.2,0
2026-04-15T21:40:00.000Z,454.1,454.45,454.0001,454.2099,0
2026-04-15T21:45:00.000Z,454.19,454.2,453.85,453.85,0
2026-04-15T21:50:00.000Z,453.9,454,453.7,453.7104,0
2026-04-15T21:55:00.000Z,453.7104,454,453.7,453.76,0
2026-04-15T22:00:00.000Z,453.9,454.1,453.29,453.4,0
2026-04-15T22:05:00.000Z,453.86,454.25,453.55,453.71,0
2026-04-15T22:10:00.000Z,453.99,454,453.7,453.83,0
2026-04-15T22:15:00.000Z,453.83,454.1,453.7,453.9,0
2026-04-15T22:20:00.000Z,453.9,454,453.739,453.77,0
2026-04-15T22:25:00.000Z,453.77,454,453.76,453.89,0
2026-04-15T22:30:00.000Z,453.88,454.38,453.81,454.2,0
2026-04-15T22:35:00.000Z,454.0651,454.87,454.03,454.6,0
2026-04-15T22:40:00.000Z,454.67,454.86,454.12,454.5,0
2026-04-15T22:45:00.000Z,454.46,454.85,454.12,454.65,0
2026-04-15T22:50:00.000Z,454.44,454.79,454.44,454.599,0
2026-04-15T22:55:00.000Z,454.6,454.75,454.52,454.7,0
2026-04-15T23:00:00.000Z,454.67,454.74,454.3,454.54,0
2026-04-15T23:05:00.000Z,454.6192,454.91,454.54,454.86,0
2026-04-15T23:10:00.000Z,454.86,454.95,454.71,454.81,0
2026-04-15T23:15:00.000Z,454.83,454.94,454.6,454.7001,0
2026-04-15T23:20:00.000Z,454.7,454.79,454.12,454.5,0
2026-04-15T23:25:00.000Z,454.4,454.4,454.0001,454.1,0
2026-04-15T23:30:00.000Z,454.2,454.2,453.7,454,0
2026-04-15T23:35:00.000Z,454.01,454.11,453.81,453.9805,0
2026-04-15T23:40:00.000Z,453.9,454,453.4377,453.6,0
2026-04-15T23:45:00.000Z,453.56,454,453.17,453.85,0
2026-04-15T23:50:00.000Z,453.889,454,453.51,453.773,0
2026-04-15T23:55:00.000Z,453.74,453.7667,453.0451,453.7667,0
2026-04-16T08:00:00.000Z,457.64,458.9988,453.9525,458,0
2026-04-16T08:05:00.000Z,458.24,458.8,453.89,457.7,0
2026-04-16T08:10:00.000Z,457.78,457.9,456.4,456.93,0
2026-04-16T08:15:00.000Z,456.94,457.38,456.5,456.54,0
2026-04-16T08:20:00.000Z,456.5,457.29,456.4,456.96,0
2026-04-16T08:25:00.000Z,456.93,457.3,455.95,456,0
2026-04-16T08:30:00.000Z,455.8592,456.51,455.6,456.4,0
2026-04-16T08:35:00.000Z,456.03,456.8,455.58,455.8,0
2026-04-16T08:40:00.000Z,456.3,456.6088,455.53,456.2,0
2026-04-16T08:45:00.000Z,456.03,456.66,455.9767,456.37,0
2026-04-16T08:50:00.000Z,456.37,456.52,455.72,456,0
2026-04-16T08:55:00.000Z,456.4644,456.49,456,456.2,0
2026-04-16T09:00:00.000Z,456.0741,456.9777,456,456.1,0
2026-04-16T09:05:00.000Z,456.79,457.12,456.3,457.03,0
2026-04-16T09:10:00.000Z,456.9779,457.49,456.83,457.36,0
2026-04-16T09:15:00.000Z,457.49,457.72,457.1197,457.38,0
2026-04-16T09:20:00.000Z,457.28,457.38,456.3012,457,0
2026-04-16T09:25:00.000Z,457.01,457.23,456.5222,456.92,0
2026-04-16T09:30:00.000Z,456.9124,457.3165,456.79,456.79,0
2026-04-16T09:35:00.000Z,457.1,457.2,456.5,457.0687,0
2026-04-16T09:40:00.000Z,456.98,457.33,456.5,457.27,0
2026-04-16T09:45:00.000Z,457.27,457.27,456.5,456.68,0
2026-04-16T09:50:00.000Z,456.72,457.1687,456.6,456.7852,0
2026-04-16T09:55:00.000Z,456.75,456.8,456.16,456.45,0
2026-04-16T10:00:00.000Z,456.48,456.62,456.35,456.48,0
2026-04-16T10:05:00.000Z,456.2313,456.48,455.79,455.81,0
2026-04-16T10:10:00.000Z,455.993,455.993,455,455.16,0
2026-04-16T10:15:00.000Z,455.2,455.39,454.82,455,0
2026-04-16T10:20:00.000Z,455,455.2129,454,454.43,0
2026-04-16T10:25:00.000Z,454.13,455.0497,453.5,454,0
2026-04-16T10:30:00.000Z,453.71,453.76,442.32,444,0
2026-04-16T10:35:00.000Z,444,448.2,442.34,444.99,0
2026-04-16T10:40:00.000Z,444.5815,446.4,441.21,441.91,0
2026-04-16T10:45:00.000Z,441.2926,445,440.72,444.38,0
2026-04-16T10:50:00.000Z,444.64,447,443.82,446.94,0
2026-04-16T10:55:00.000Z,446.8,448.47,445.83,447,0
2026-04-16T11:00:00.000Z,446.88,456.23,446.51,447.6148,0
2026-04-16T11:05:00.000Z,447.5,448,446.25,446.6,0
2026-04-16T11:10:00.000Z,446.6,447,445.5001,445.961,0
2026-04-16T11:15:00.000Z,446,448,445.5,447.49,0
2026-04-16T11:20:00.000Z,447.25,448,447.21,447.78,0
2026-04-16T11:25:00.000Z,447.54,447.98,446.5,447.5,0
2026-04-16T11:30:00.000Z,447.5,449.4555,447.1,448.97,0
2026-04-16T11:35:00.000Z,449.2,456.23,448.25,448.81,0
2026-04-16T11:40:00.000Z,448.9689,449,448.25,448.8675,0
2026-04-16T11:45:00.000Z,448.6,448.9,447.57,448.33,0
2026-04-16T11:50:00.000Z,448.35,448.9,448.01,448.54,0
2026-04-16T11:55:00.000Z,448.54,448.74,448.15,448.57,0
2026-04-16T12:00:00.000Z,448.6,451.6186,448.46,451.06,0
2026-04-16T12:05:00.000Z,450.99,451.27,449.5,450.78,0
2026-04-16T12:10:00.000Z,450.256,456.23,449.5,449.9,0
2026-04-16T12:15:00.000Z,449.69,449.87,448.15,448.78,0
2026-04-16T12:20:00.000Z,448.54,449.5,448.0905,448.8,0
2026-04-16T12:25:00.000Z,449,449.54,448.5,449.49,0
2026-04-16T12:30:00.000Z,449.5262,449.5275,448.5,448.5,0
2026-04-16T12:35:00.000Z,448.5742,448.76,446.88,447,0
2026-04-16T12:40:00.000Z,446.89,447.79,446.89,447.68,0
2026-04-16T12:45:00.000Z,447.69,447.8219,446.24,446.51,0
2026-04-16T12:50:00.000Z,446.5,447.2,445.87,446.28,0
2026-04-16T12:55:00.000Z,446.37,447.58,445.96,447,0
2026-04-16T13:00:00.000Z,447.02,448.39,446.42,446.9,0
2026-04-16T13:05:00.000Z,446.81,447.84,446.17,447,0
2026-04-16T13:10:00.000Z,447,447.44,446.58,447.17,0
2026-04-16T13:15:00.000Z,447.1582,450.47,446.8963,450.0736,0
2026-04-16T13:20:00.000Z,450.09,451.35,448,448.6,0
2026-04-16T13:25:00.000Z,448.99,453.7,448.99,452.71,0
2026-04-16T13:30:00.000Z,452.68499755859375,453,444.739990234375,450.864990234375,3233682
2026-04-16T13:35:00.000Z,450.698486328125,451.2799987792969,445.70001220703125,448.32000732421875,928632
2026-04-16T13:40:00.000Z,448.32000732421875,454.8800048828125,448.32000732421875,450.9898986816406,808183
2026-04-16T13:45:00.000Z,450.8550109863281,453.29998779296875,449.3699951171875,452.9100036621094,512644
2026-04-16T13:50:00.000Z,452.8362121582031,452.8399963378906,446.6600036621094,446.6700134277344,684972
2026-04-16T13:55:00.000Z,446.67999267578125,454.92999267578125,446.6000061035156,454.6199951171875,918151
2026-04-16T14:00:00.000Z,454.8424987792969,458.69989013671875,453.1099853515625,458.639404296875,1013583
2026-04-16T14:05:00.000Z,458.5199890136719,460.39990234375,457.3100891113281,457.875,1090389
2026-04-16T14:10:00.000Z,458.0400085449219,460.13739013671875,457.53009033203125,458.10009765625,527100
2026-04-16T14:15:00.000Z,458.32000732421875,458.95989990234375,454.5899963378906,455.57000732421875,627864
2026-04-16T14:20:00.000Z,455.5350036621094,459.2300109863281,454.10009765625,458.8500061035156,602897
2026-04-16T14:25:00.000Z,458.8638916015625,462.29998779296875,457.8700866699219,460.4800109863281,818727
2026-04-16T14:30:00.000Z,460.5,460.8699035644531,458.5,459.7250061035156,519825
2026-04-16T14:35:00.000Z,459.6950988769531,460.3500061035156,458.7300109863281,459.5,332192
2026-04-16T14:40:00.000Z,459.3900146484375,460.4744873046875,458.2799987792969,459.8363952636719,390177
2026-04-16T14:45:00.000Z,459.9599914550781,460.67999267578125,458.30999755859375,459.4999084472656,354643
2026-04-16T14:50:00.000Z,459.5050964355469,459.67999267578125,456.1000061035156,457.4700012207031,452548
2026-04-16T14:55:00.000Z,457.6000061035156,459.1199951171875,456.55999755859375,458.2500915527344,335436
2026-04-16T15:00:00.000Z,458.4100036621094,461.17498779296875,457.8301086425781,459.9400939941406,434613
2026-04-16T15:05:00.000Z,459.9100036621094,460.2439880371094,458.40008544921875,458.40008544921875,304446
2026-04-16T15:10:00.000Z,458.5249938964844,458.9800109863281,457.5799865722656,458.0899963378906,250705
2026-04-16T15:15:00.000Z,458.1099853515625,458.69989013671875,455.70001220703125,456.1000061035156,364685
2026-04-16T15:20:00.000Z,456.0199890136719,456.8587951660156,455.510009765625,456.0150146484375,285546
2026-04-16T15:25:00.000Z,455.8900146484375,456.7799987792969,454.70001220703125,456.5299987792969,351723
2026-04-16T15:30:00.000Z,456.3949890136719,458.6300048828125,456.090087890625,458.3800048828125,368295
2026-04-16T15:35:00.000Z,458.3599853515625,460.5899963378906,458.32000732421875,460.5317077636719,511628
2026-04-16T15:40:00.000Z,460.54998779296875,460.989990234375,459.5299987792969,460.2749938964844,329893
2026-04-16T15:45:00.000Z,460.2099914550781,460.5150146484375,457.3800048828125,457.8210144042969,321897
2026-04-16T15:50:00.000Z,457.8699951171875,458.92041015625,457.5101013183594,458.20001220703125,245779
2026-04-16T15:55:00.000Z,458.17999267578125,460.29998779296875,457.989990234375,460.2200012207031,289134
2026-04-16T16:00:00.000Z,460.1099853515625,460.6400146484375,457.60009765625,458.9700012207031,319382
2026-04-16T16:05:00.000Z,458.8399963378906,459.44000244140625,458.0201110839844,459.44000244140625,219826
2026-04-16T16:10:00.000Z,459.4945068359375,460.5050048828125,458.57159423828125,460.45001220703125,241878
2026-04-16T16:15:00.000Z,460.29998779296875,461.6000061035156,460,461.25,361915
2026-04-16T16:20:00.000Z,461.2950134277344,461.55999755859375,458.3999938964844,458.7900085449219,368742
2026-04-16T16:25:00.000Z,458.8299865722656,459.79998779296875,458.09259033203125,458.3900146484375,248053
2026-04-16T16:30:00.000Z,458.6099853515625,458.7099914550781,453.55010986328125,454.760009765625,560328
2026-04-16T16:35:00.000Z,454.510009765625,456.71990966796875,454.3299865722656,456.49530029296875,281152
2026-04-16T16:40:00.000Z,456.5,457.1600036621094,455.67498779296875,456.0101013183594,224688
2026-04-16T16:45:00.000Z,456.1050109863281,458.3699035644531,456.0690002441406,458.0190124511719,237998
2026-04-16T16:50:00.000Z,458.25,459.29998779296875,457.7301025390625,457.7889099121094,292859
2026-04-16T16:55:00.000Z,457.82000732421875,458.9399108886719,457.80010986328125,458.19989013671875,194155
2026-04-16T17:00:00.000Z,458.19000244140625,458.5299987792969,457.45001220703125,457.7449951171875,193280
2026-04-16T17:05:00.000Z,457.8800048828125,458.6000061035156,456.68011474609375,458.1000061035156,215496
2026-04-16T17:10:00.000Z,458.3599853515625,458.489990234375,456.8066101074219,456.9100036621094,159618
2026-04-16T17:15:00.000Z,456.79998779296875,457.3999938964844,456.30999755859375,457.04010009765625,175168
2026-04-16T17:20:00.000Z,457.25,458.7699890136719,457.0733947753906,458.5799865722656,148215
2026-04-16T17:25:00.000Z,458.6499938964844,459.25,458.32000732421875,459.1400146484375,190358
2026-04-16T17:30:00.000Z,459.1400146484375,460.32080078125,459.04010009765625,459.05499267578125,325552
2026-04-16T17:35:00.000Z,459.1600036621094,459.5,458.30999755859375,458.8450012207031,177914
2026-04-16T17:40:00.000Z,458.8450012207031,459.4353942871094,458.29168701171875,458.44000244140625,142096
2026-04-16T17:45:00.000Z,458.45001220703125,458.45001220703125,456.9100036621094,457.7950134277344,191162
2026-04-16T17:50:00.000Z,457.7099914550781,457.7850036621094,455.82000732421875,456.0150146484375,197798
2026-04-16T17:55:00.000Z,456.0150146484375,456.0199890136719,454.5400085449219,455.27630615234375,277412
2026-04-16T18:00:00.000Z,455.2349853515625,455.6000061035156,454.4800109863281,454.66461181640625,237095
2026-04-16T18:05:00.000Z,454.55999755859375,455,452.1300964355469,452.6401062011719,373519
2026-04-16T18:10:00.000Z,452.75,453.7499084472656,452.0199890136719,453.6499938964844,301340
2026-04-16T18:15:00.000Z,453.5950012207031,453.7499084472656,452.6400146484375,453.3948974609375,211793
2026-04-16T18:20:00.000Z,453.3399963378906,453.7200012207031,452,452.30999755859375,527896
2026-04-16T18:25:00.000Z,452.5,452.7113037109375,451.5000915527344,452.5199890136719,223631
2026-04-16T18:30:00.000Z,452.43499755859375,453.75,452.43499755859375,453.1099853515625,219653
2026-04-16T18:35:00.000Z,453.2200012207031,453.9798889160156,452.9100036621094,453.3629150390625,199671
2026-04-16T18:40:00.000Z,453.32501220703125,454.1700134277344,453.2101135253906,453.8800048828125,181411
2026-04-16T18:45:00.000Z,453.8800048828125,454.5899963378906,453.67999267578125,453.6900939941406,171022
2026-04-16T18:50:00.000Z,453.8349914550781,454.1300048828125,453.1199951171875,453.65008544921875,146830
2026-04-16T18:55:00.000Z,453.6164855957031,454.260009765625,453.125,454.19000244140625,164779
2026-04-16T19:00:00.000Z,454.3500061035156,456.2099914550781,454.20001220703125,455.6400146484375,322921
2026-04-16T19:05:00.000Z,455.6700134277344,456.6000061035156,455.4801025390625,455.7699890136719,221519
2026-04-16T19:10:00.000Z,455.7650146484375,456.55999755859375,455.7250061035156,456.2699890136719,203934
2026-04-16T19:15:00.000Z,456.364990234375,457.6000061035156,456.2701110839844,456.82000732421875,327192
2026-04-16T19:20:00.000Z,456.885009765625,457.3999938964844,456.3500061035156,456.44500732421875,172084
2026-04-16T19:25:00.000Z,456.3700866699219,456.6700134277344,455.82000732421875,456.3699951171875,508215
2026-04-16T19:30:00.000Z,456.5,457.70001220703125,456.19000244140625,457.2950134277344,216091
2026-04-16T19:35:00.000Z,457.3900146484375,457.9898986816406,456.8900146484375,457.09991455078125,225375
2026-04-16T19:40:00.000Z,457.0849914550781,457.0849914550781,455.65008544921875,455.79998779296875,244586
2026-04-16T19:45:00.000Z,455.7149963378906,455.9798889160156,454.8399963378906,455.739990234375,261940
2026-04-16T19:50:00.000Z,455.3800048828125,456.4999084472656,455.1099853515625,455.7900085449219,345572
2026-04-16T19:55:00.000Z,455.9800109863281,457.4447021484375,455.29998779296875,457.4100036621094,905285
2026-04-16T20:00:00.000Z,457.25,457.48,455,456,0
2026-04-16T20:05:00.000Z,455.85,457.23,455.5,455.97,0
2026-04-16T20:10:00.000Z,457.23,457.23,455.63,455.6812,0
2026-04-16T20:15:00.000Z,455.8,457.23,455.65,456.2,0
2026-04-16T20:20:00.000Z,457.23,457.23,448.77,456.4,0
2026-04-16T20:25:00.000Z,456.25,456.4,455.66,456.08,0
2026-04-16T20:30:00.000Z,456.15,457.23,426.56,455.49,0
2026-04-16T20:35:00.000Z,455.59,455.6,455.3,455.4386,0
2026-04-16T20:40:00.000Z,455.6,455.6,455,455.2437,0
2026-04-16T20:45:00.000Z,455.24,455.5888,455.01,455.23,0
2026-04-16T20:50:00.000Z,455.2,455.45,454.84,454.91,0
2026-04-16T20:55:00.000Z,455.04,455.04,454.51,454.7,0
2026-04-16T21:00:00.000Z,454.71,457.23,454.54,455,0
2026-04-16T21:05:00.000Z,454.76,457.23,454.31,454.47,0
2026-04-16T21:10:00.000Z,454.31,454.5,453.01,453.25,0
2026-04-16T21:15:00.000Z,453.49,453.99,452.8,453.642,0
2026-04-16T21:20:00.000Z,453.6649,453.99,453.35,453.7,0
2026-04-16T21:25:00.000Z,453.7,453.99,444.27,453.65,0
2026-04-16T21:30:00.000Z,453.8,454.5,453.6,454.1,0
2026-04-16T21:35:00.000Z,454,454.5,453.9,454.1,0
2026-04-16T21:40:00.000Z,454.1,454.2,453.9145,454.1187,0
2026-04-16T21:45:00.000Z,454.08,454.5,454.07,454.22,0
2026-04-16T21:50:00.000Z,454.22,454.3,454.026,454.07,0
2026-04-16T21:55:00.000Z,454.07,454.48,454.07,454.3,0
2026-04-16T22:00:00.000Z,454.28,455,454.22,454.65,0
2026-04-16T22:05:00.000Z,454.9038,455.26,454.3639,455,0
2026-04-16T22:10:00.000Z,455,455.26,454.26,455,0
2026-04-16T22:15:00.000Z,455.13,455.19,454.4,454.439,0
2026-04-16T22:20:00.000Z,454.55,455.0699,454.26,454.95,0
2026-04-16T22:25:00.000Z,454.95,455.06,454.565,455,0
2026-04-16T22:30:00.000Z,455,455.15,454.64,455.1,0
2026-04-16T22:35:00.000Z,455.12,455.2,454.63,455.1,0
2026-04-16T22:40:00.000Z,455,455.2,454.9,455.137,0
2026-04-16T22:45:00.000Z,454.9,455.14,454.29,454.64,0
2026-04-16T22:50:00.000Z,454.64,455.1,454.28,454.69,0
2026-04-16T22:55:00.000Z,454.65,454.9,454.29,454.29,0
2026-04-16T23:00:00.000Z,454.29,454.4,454.09,454.27,0
2026-04-16T23:05:00.000Z,454.26,454.47,454.15,454.16,0
2026-04-16T23:10:00.000Z,454.21,454.25,454.1,454.1,0
2026-04-16T23:15:00.000Z,454.25,454.37,454.1,454.37,0
2026-04-16T23:20:00.000Z,454.45,454.97,454.15,454.84,0
2026-04-16T23:25:00.000Z,454.63,454.85,454.15,454.56,0
2026-04-16T23:30:00.000Z,454.58,455.04,454.58,454.8399,0
2026-04-16T23:35:00.000Z,455.04,455.5,454.8,455.35,0
2026-04-16T23:40:00.000Z,455.49,456,455,455.29,0
2026-04-16T23:45:00.000Z,455.29,455.6988,455.03,455.2,0
2026-04-16T23:50:00.000Z,455.49,455.5,454.62,454.9,0
2026-04-16T23:55:00.000Z,454.95,455.03,454.62,454.99,0
2026-04-17T08:00:00.000Z,451.26,457.23,448.8,452.52,0
2026-04-17T08:05:00.000Z,452.52,453.17,448.82,452.53,0
2026-04-17T08:10:00.000Z,452.55,452.94,452.2,452.62,0
2026-04-17T08:15:00.000Z,452.58,452.74,452.18,452.6735,0
2026-04-17T08:20:00.000Z,452.74,453,452.5261,452.5261,0
2026-04-17T08:25:00.000Z,452.5,452.68,452.2,452.23,0
2026-04-17T08:30:00.000Z,452.2,452.9637,451.4,452.9637,0
2026-04-17T08:35:00.000Z,451.72,451.94,451.38,451.62,0
2026-04-17T08:40:00.000Z,451.58,452.7374,451.58,452.7288,0
2026-04-17T08:45:00.000Z,452.43,452.9,452.05,452.9,0
2026-04-17T08:50:00.000Z,452.77,453.5,452.68,453.5,0
2026-04-17T08:55:00.000Z,453.36,453.75,453.23,453.7,0
2026-04-17T09:00:00.000Z,453.6,454.6788,453.2,454.09,0
2026-04-17T09:05:00.000Z,453.9,454.42,453.7,453.7075,0
2026-04-17T09:10:00.000Z,453.95,454,453.58,453.7437,0
2026-04-17T09:15:00.000Z,453.5712,453.89,453,453.5,0
2026-04-17T09:20:00.000Z,453.5,453.99,453.2003,453.99,0
2026-04-17T09:25:00.000Z,453.86,455.3,453.86,455.17,0
2026-04-17T09:30:00.000Z,455.05,455.4,454.7,454.7,0
2026-04-17T09:35:00.000Z,454.7,455.35,454.507,454.5249,0
2026-04-17T09:40:00.000Z,454.55,454.975,454.1,454.75,0
2026-04-17T09:45:00.000Z,454.53,455,454.5,454.974,0
2026-04-17T09:50:00.000Z,455,457.13,454.75,457.1,0
2026-04-17T09:55:00.000Z,456.3248,457,456.15,456.8,0
2026-04-17T10:00:00.000Z,456.5,457.2,456.5,457,0
2026-04-17T10:05:00.000Z,457,458.2888,457,458.05,0
2026-04-17T10:10:00.000Z,457.93,458,457,457.4896,0
2026-04-17T10:15:00.000Z,457.44,457.49,456.54,456.54,0
2026-04-17T10:20:00.000Z,457.01,457.2,456.16,456.17,0
2026-04-17T10:25:00.000Z,456.17,456.22,455.5,455.8,0
2026-04-17T10:30:00.000Z,455.8,456.33,455.215,455.65,0
2026-04-17T10:35:00.000Z,455.21,456.5,455.21,455.42,0
2026-04-17T10:40:00.000Z,455.21,455.65,455.21,455.3,0
2026-04-17T10:45:00.000Z,455.34,456.6828,455.31,456.02,0
2026-04-17T10:50:00.000Z,456,456.4,455.4,455.7,0
2026-04-17T10:55:00.000Z,455.72,456,455.45,455.55,0
2026-04-17T11:00:00.000Z,455.56,458,455.55,457.26,0
2026-04-17T11:05:00.000Z,457.39,459.06,457.06,459.06,0
2026-04-17T11:10:00.000Z,459.1655,459.8,458,458.9661,0
2026-04-17T11:15:00.000Z,458.82,459.5,458.8,459.3388,0
2026-04-17T11:20:00.000Z,459,460,458.8505,459.9,0
2026-04-17T11:25:00.000Z,459.99,460,458.91,459,0
2026-04-17T11:30:00.000Z,459.3,459.51,458.8,459.12,0
2026-04-17T11:35:00.000Z,458.85,459.49,458.62,459.22,0
2026-04-17T11:40:00.000Z,459.26,459.3646,458.51,459.16,0
2026-04-17T11:45:00.000Z,459.17,461.2523,459.01,461.118,0
2026-04-17T11:50:00.000Z,461,461.1568,460.31,460.5,0
2026-04-17T11:55:00.000Z,460.45,460.52,459.63,459.9999,0
2026-04-17T12:00:00.000Z,459.85,461.68,459.8,461.61,0
2026-04-17T12:05:00.000Z,461.7699,462.88,461.4316,462.79,0
2026-04-17T12:10:00.000Z,462.68,463.36,461.7,462.9,0
2026-04-17T12:15:00.000Z,462.9,465.37,462.79,464.3244,0
2026-04-17T12:20:00.000Z,464,464.49,463.01,463.34,0
2026-04-17T12:25:00.000Z,463.5,464.2,462.65,463.0475,0
2026-04-17T12:30:00.000Z,463.4959,464.5,463,463.88,0
2026-04-17T12:35:00.000Z,463.84,464.22,463.3672,464.09,0
2026-04-17T12:40:00.000Z,464.0993,464.98,463.68,463.88,0
2026-04-17T12:45:00.000Z,464,468,463.55,467.87,0
2026-04-17T12:50:00.000Z,467.7,468.02,466.25,467.39,0
2026-04-17T12:55:00.000Z,467.5,471,466.5,470.29,0
2026-04-17T13:00:00.000Z,470.47,470.48,467.57,469.32,0
2026-04-17T13:05:00.000Z,469.26,471.82,468.08,471.3203,0
2026-04-17T13:10:00.000Z,471.61,473,470.5,471.51,0
2026-04-17T13:15:00.000Z,471.81,472.4,470.52,472.15,0
2026-04-17T13:20:00.000Z,472.4175,472.43,469,469.6025,0
2026-04-17T13:25:00.000Z,469.4,469.95,466.47,466.47,0
2026-04-17T13:30:00.000Z,466.8500061035156,470.0050048828125,462.75,467.2049865722656,3688596
2026-04-17T13:35:00.000Z,467.5,470.9700012207031,467.5,468.3699951171875,1165577
2026-04-17T13:40:00.000Z,468.44000244140625,468.54998779296875,463.79998779296875,466.2300109863281,873910
2026-04-17T13:45:00.000Z,466.2149963378906,466.4289855957031,461.6199951171875,463.4849853515625,724303
2026-04-17T13:50:00.000Z,463.67999267578125,465.3399963378906,459.1099853515625,459.25,905830
2026-04-17T13:55:00.000Z,459.33990478515625,459.54998779296875,454.510009765625,458.5650939941406,1245182
2026-04-17T14:00:00.000Z,458.6199951171875,459.41259765625,456.360107421875,457.1050109863281,635410
2026-04-17T14:05:00.000Z,457.1050109863281,461.8799133300781,456.66009521484375,461.06500244140625,681224
2026-04-17T14:10:00.000Z,461.0899963378906,462.5299987792969,459.17999267578125,459.5000915527344,573275
2026-04-17T14:15:00.000Z,459.5873107910156,459.5873107910156,457.5,457.57501220703125,442792
2026-04-17T14:20:00.000Z,457.5650939941406,458.8800048828125,455.54998779296875,458.5,612993
2026-04-17T14:25:00.000Z,458.5,459.4700012207031,457.4410095214844,457.6650085449219,384138
2026-04-17T14:30:00.000Z,457.7099914550781,458.8999938964844,457.20001220703125,458.375,584861
2026-04-17T14:35:00.000Z,458.239990234375,458.3900146484375,456.94000244140625,458.2950134277344,794683
2026-04-17T14:40:00.000Z,458.29998779296875,460.09991455078125,458.239990234375,459.8999938964844,428356
2026-04-17T14:45:00.000Z,459.8500061035156,462.17999267578125,459.20001220703125,461.4999084472656,462396
2026-04-17T14:50:00.000Z,461.29998779296875,461.3900146484375,458.4849853515625,459.2900085449219,592108
2026-04-17T14:55:00.000Z,459.1401062011719,459.3999938964844,457.2200012207031,458.760009765625,347146
2026-04-17T15:00:00.000Z,458.5039978027344,460.29998779296875,457.6300048828125,459.260009765625,363150
2026-04-17T15:05:00.000Z,459.44000244140625,460.3771057128906,459.04998779296875,460.0899963378906,250267
2026-04-17T15:10:00.000Z,459.9800109863281,460.2063903808594,458.2200927734375,459,201149
2026-04-17T15:15:00.000Z,458.8999938964844,460.79998779296875,458.8500061035156,459.739990234375,266206
2026-04-17T15:20:00.000Z,459.7650146484375,460,458.1129150390625,458.70001220703125,243165
2026-04-17T15:25:00.000Z,458.6413879394531,459.32000732421875,458.510009765625,459.29998779296875,185393
2026-04-17T15:30:00.000Z,459.239990234375,460.3819885253906,459,460.1000061035156,240260
2026-04-17T15:35:00.000Z,460.1899108886719,460.4999084472656,458.7099914550781,459.0400085449219,200265
2026-04-17T15:40:00.000Z,459,459.0400085449219,456.20001220703125,456.3800048828125,323792
2026-04-17T15:45:00.000Z,456.3900146484375,457.5299072265625,456.340087890625,456.875,242828
2026-04-17T15:50:00.000Z,456.9800109863281,457.5498962402344,456.04998779296875,456.32000732421875,214655
2026-04-17T15:55:00.000Z,456.29998779296875,456.7898864746094,452.5,452.5849914550781,629454
2026-04-17T16:00:00.000Z,452.6099853515625,454.2898864746094,452.20001220703125,454.1899108886719,488191
2026-04-17T16:05:00.000Z,454.1199951171875,456.1199951171875,454.0899963378906,456.06500244140625,288207
2026-04-17T16:10:00.000Z,456.139892578125,456.55999755859375,455.6099853515625,456.1449890136719,229466
2026-04-17T16:15:00.000Z,456.1300964355469,457.3900146484375,455.8048095703125,456.3800048828125,284419
2026-04-17T16:20:00.000Z,456.3900146484375,457.1000061035156,456.30999755859375,456.9599914550781,167721
2026-04-17T16:25:00.000Z,456.8800048828125,457.4100036621094,456.3669128417969,457.3800048828125,123612
2026-04-17T16:30:00.000Z,457.2099914550781,458.4898986816406,457.20001220703125,458.15008544921875,267204
2026-04-17T16:35:00.000Z,458.15008544921875,459.3999938964844,458.15008544921875,458.92999267578125,260726
2026-04-17T16:40:00.000Z,459,459.0299072265625,458.1600036621094,458.9150085449219,172784
2026-04-17T16:45:00.000Z,458.9798889160156,459.6899108886719,458.75,459.1700134277344,230093
2026-04-17T16:50:00.000Z,459.2398986816406,459.3800048828125,458.6600036621094,458.7850036621094,137905
2026-04-17T16:55:00.000Z,458.8598937988281,458.8598937988281,457.5000915527344,458.3800048828125,243298
2026-04-17T17:00:00.000Z,458.4549865722656,459.20001220703125,457.70001220703125,459.1199951171875,182715
2026-04-17T17:05:00.000Z,459.0400085449219,459.79998779296875,457.7099914550781,458.6199951171875,238136
2026-04-17T17:10:00.000Z,458.625,459.2200012207031,457.8110046386719,458.7300109863281,173666
2026-04-17T17:15:00.000Z,458.70001220703125,458.9800109863281,457.6600036621094,457.7099914550781,121332
2026-04-17T17:20:00.000Z,457.7799987792969,458.75,455.6099853515625,456.57000732421875,340286
2026-04-17T17:25:00.000Z,456.6300048828125,457.2598876953125,455.9400939941406,457.03460693359375,201201
2026-04-17T17:30:00.000Z,457.1199951171875,458.6899108886719,456.92999267578125,457.5950012207031,191006
2026-04-17T17:35:00.000Z,457.5950012207031,458.6600036621094,457.1000061035156,458.1000061035156,126126
2026-04-17T17:40:00.000Z,458.1099853515625,458.5899963378906,457.7590026855469,457.989990234375,132537
2026-04-17T17:45:00.000Z,457.989990234375,459.79998779296875,457.9800109863281,459.5,217688
2026-04-17T17:50:00.000Z,459.4800109863281,459.9898986816406,459,459.3800048828125,231870
2026-04-17T17:55:00.000Z,459.239990234375,459.4999084472656,458.2699890136719,458.6299133300781,116202
2026-04-17T18:00:00.000Z,458.510009765625,458.95989990234375,457.760009765625,458.1650085449219,131810
2026-04-17T18:05:00.000Z,458.1000061035156,458.389892578125,456.79998779296875,457.1449890136719,158680
2026-04-17T18:10:00.000Z,457.19500732421875,458.3900146484375,457.1499938964844,458.0299987792969,258916
2026-04-17T18:15:00.000Z,458.1099853515625,458.9200134277344,457.90008544921875,458.635009765625,136349
2026-04-17T18:20:00.000Z,458.5201110839844,459.1099853515625,457.69500732421875,459.0350036621094,159484
2026-04-17T18:25:00.000Z,459.0350036621094,459.7699890136719,458.80999755859375,459.239990234375,225597
2026-04-17T18:30:00.000Z,459.2699890136719,459.9287109375,459.0801086425781,459.68499755859375,158024
2026-04-17T18:35:00.000Z,459.68499755859375,459.75,458.35009765625,458.4049987792969,139776
2026-04-17T18:40:00.000Z,458.29998779296875,458.639892578125,457.6000061035156,458.1449890136719,153455
2026-04-17T18:45:00.000Z,458.260009765625,458.6278076171875,457.95001220703125,458.2950134277344,114037
2026-04-17T18:50:00.000Z,458.3949890136719,458.6499938964844,457.17999267578125,457.54998779296875,187216
2026-04-17T18:55:00.000Z,457.45001220703125,459.3799133300781,457.32000732421875,458.8800048828125,213116
2026-04-17T19:00:00.000Z,458.8800048828125,459.3299865722656,458.3500061035156,458.7550048828125,163265
2026-04-17T19:05:00.000Z,458.7481994628906,458.7481994628906,457.30999755859375,457.3999938964844,167725
2026-04-17T19:10:00.000Z,457.4189147949219,457.6099853515625,456.6600036621094,457.0199890136719,215414
2026-04-17T19:15:00.000Z,457.05499267578125,458.2300109863281,456,456.25,302836
2026-04-17T19:20:00.000Z,456.2099914550781,456.3450012207031,454.5799865722656,456,431240
2026-04-17T19:25:00.000Z,455.9849853515625,456.5981140136719,454.8999938964844,455.3999938964844,307963
2026-04-17T19:30:00.000Z,455.3800048828125,456.3099060058594,455.3800048828125,455.8800048828125,281433
2026-04-17T19:35:00.000Z,455.9049987792969,456.14990234375,454.7799987792969,455.3399963378906,541840
2026-04-17T19:40:00.000Z,455.3800048828125,455.8599853515625,454.82000732421875,455.8349914550781,256233
2026-04-17T19:45:00.000Z,455.95001220703125,456.0450134277344,454.92999267578125,455.3500061035156,323554
2026-04-17T19:50:00.000Z,455.7099914550781,457.5,455.2099914550781,456.6856994628906,593241
2026-04-17T19:55:00.000Z,456.69000244140625,456.8399963378906,454.30999755859375,455.0199890136719,1185340
2026-04-17T20:00:00.000Z,455.01,459.4809,454.2,455.07,0
2026-04-17T20:05:00.000Z,454.95,455.07,453.95,454.5,0
2026-04-17T20:10:00.000Z,454.5,455.07,454.4,454.8,0
2026-04-17T20:15:00.000Z,454.82,455.07,454.1,454.5,0
2026-04-17T20:20:00.000Z,455.07,455.07,454.1,454.34,0
2026-04-17T20:25:00.000Z,454.35,454.55,454.1,454.3,0
2026-04-17T20:30:00.000Z,454.3,454.99,454.2574,454.95,0
2026-04-17T20:35:00.000Z,454.83,455,454.23,454.9,0
2026-04-17T20:40:00.000Z,454.8582,455.07,454.37,454.78,0
2026-04-17T20:45:00.000Z,454.7,455.07,454.4,454.7,0
2026-04-17T20:50:00.000Z,454.7,455,454.58,455,0
2026-04-17T20:55:00.000Z,455,455,454.75,454.899,0
2026-04-17T21:00:00.000Z,454.9,454.9,454.7,454.84,0
2026-04-17T21:05:00.000Z,454.78,455,454.7,454.95,0
2026-04-17T21:10:00.000Z,454.96,455,454.85,454.8613,0
2026-04-17T21:15:00.000Z,454.86,455.05,454.85,455,0
2026-04-17T21:20:00.000Z,455.0493,455.14,454.9317,455.1,0
2026-04-17T21:25:00.000Z,455.0351,455.26,454.92,455.02,0
2026-04-17T21:30:00.000Z,455,455.1792,454.9,454.913,0
2026-04-17T21:35:00.000Z,454.93,455,454.9,454.93,0
2026-04-17T21:40:00.000Z,455,455.06,454.8,454.81,0
2026-04-17T21:45:00.000Z,454.85,456.2799,454.58,454.75,0
2026-04-17T21:50:00.000Z,454.7,454.83,454.37,454.58,0
2026-04-17T21:55:00.000Z,454.5998,454.8,454.42,454.6,0
2026-04-17T22:00:00.000Z,454.8,454.8,454.28,454.44,0
2026-04-17T22:05:00.000Z,454.42,457.9325,454.4,454.6001,0
2026-04-17T22:10:00.000Z,454.61,454.8,454.43,454.43,0
2026-04-17T22:15:00.000Z,454.43,454.4999,454.23,454.35,0
2026-04-17T22:20:00.000Z,454.41,454.5,454.3,454.3812,0
2026-04-17T22:25:00.000Z,454.49,454.78,454.4,454.73,0
2026-04-17T22:30:00.000Z,454.73,454.75,454.4512,454.52,0
2026-04-17T22:35:00.000Z,454.52,454.7,454.205,454.21,0
2026-04-17T22:40:00.000Z,454.2,454.24,453.87,454.02,0
2026-04-17T22:45:00.000Z,454.1,454.2,453.8,453.8,0
2026-04-17T22:50:00.000Z,453.8,454.07,453.53,453.77,0
2026-04-17T22:55:00.000Z,453.75,453.83,453.4,453.4,0
2026-04-17T23:00:00.000Z,453.4,453.61,453.3,453.48,0
2026-04-17T23:05:00.000Z,453.61,453.61,453.09,453.325,0
2026-04-17T23:10:00.000Z,453.3217,453.54,453.12,453.2127,0
2026-04-17T23:15:00.000Z,453.2243,453.4,453.21,453.24,0
2026-04-17T23:20:00.000Z,453.243,453.243,453,453.02,0
2026-04-17T23:25:00.000Z,453.0105,453.25,453,453.01,0
2026-04-17T23:30:00.000Z,453.09,453.2,453,453.2,0
2026-04-17T23:35:00.000Z,453.1,453.2,452.6807,452.74,0
2026-04-17T23:40:00.000Z,453,453.01,452.55,452.75,0
2026-04-17T23:45:00.000Z,452.94,453.39,452.77,452.9,0
2026-04-17T23:50:00.000Z,452.9,453,452.9,452.9493,0
2026-04-17T23:55:00.000Z,452.9076,453,452.65,452.79,0
2026-04-20T09:35:00.000Z,449.6,450.03,449.59,450,0
2026-04-20T09:40:00.000Z,450,450.01,449.55,449.88,0
2026-04-20T09:45:00.000Z,449.6289,450.61,449.5,449.86,0
2026-04-20T09:50:00.000Z,449.86,450.5,449.51,450,0
2026-04-20T09:55:00.000Z,449.92,450.6988,449.7,450.0365,0
2026-04-20T10:00:00.000Z,450.32,450.7,450.0637,450.7,0
2026-04-20T10:05:00.000Z,450.7,451.6997,450.15,451.5,0
2026-04-20T10:10:00.000Z,451.49,452,451.49,451.55,0
2026-04-20T10:15:00.000Z,451.67,451.9305,451.35,451.73,0
2026-04-20T10:20:00.000Z,451.7,451.8,451.2,451.22,0
2026-04-20T10:25:00.000Z,451.17,451.5,451,451.23,0
2026-04-20T10:30:00.000Z,451,451.49,450.79,450.83,0
2026-04-20T10:35:00.000Z,450.83,451.5,450.77,451.27,0
2026-04-20T10:40:00.000Z,451.27,451.5,451,451.32,0
2026-04-20T10:45:00.000Z,451.32,451.4,451,451.01,0
2026-04-20T10:50:00.000Z,451.0503,451.4988,451.0503,451.26,0
2026-04-20T10:55:00.000Z,451.26,451.5,451,451.39,0
2026-04-20T11:00:00.000Z,451.39,455.07,450.6,450.76,0
2026-04-20T11:05:00.000Z,450.7,452.6,450.5054,452.6,0
2026-04-20T11:10:00.000Z,452.6,453.4,452,453.3,0
2026-04-20T11:15:00.000Z,453.28,453.49,452.99,453.1507,0
2026-04-20T11:20:00.000Z,453.32,453.47,452,452.74,0
2026-04-20T11:25:00.000Z,453,453.47,452.7781,453.45,0
2026-04-20T11:30:00.000Z,453.28,453.45,452.68,453.1742,0
2026-04-20T11:35:00.000Z,453,453.7,452.85,453.41,0
2026-04-20T11:40:00.000Z,453.7,455.4265,453.61,454.96,0
2026-04-20T11:45:00.000Z,455.124,455.85,454.7,454.8,0
2026-04-20T11:50:00.000Z,454.93,455.31,454,454.22,0
2026-04-20T11:55:00.000Z,454.11,454.65,453.91,454.46,0
2026-04-20T12:00:00.000Z,454.34,454.5932,453.61,454.15,0
2026-04-20T12:05:00.000Z,453.9,454.2388,453.06,453.06,0
2026-04-20T12:10:00.000Z,453.06,453.85,453.06,453.84,0
2026-04-20T12:15:00.000Z,453.85,454.25,453.1,453.88,0
2026-04-20T12:20:00.000Z,454.04,454.49,453.9042,454.1706,0
2026-04-20T12:25:00.000Z,454.05,454.16,453.88,454.0545,0
2026-04-20T12:30:00.000Z,453.95,455.85,453.79,455.3,0
2026-04-20T12:35:00.000Z,455.39,456.43,455.26,455.6,0
2026-04-20T12:40:00.000Z,455.69,456.1,455.02,455.7,0
2026-04-20T12:45:00.000Z,455.8684,456.7797,455.27,456.35,0
2026-04-20T12:50:00.000Z,456.3,456.7,455,455.7357,0
2026-04-20T12:55:00.000Z,455.7167,455.75,455,455.21,0
2026-04-20T13:00:00.000Z,455.054,456.24,455,455.7643,0
2026-04-20T13:05:00.000Z,455.9428,456.7,455,456.47,0
2026-04-20T13:10:00.000Z,456.47,456.48,455.33,455.79,0
2026-04-20T13:15:00.000Z,455.8,456.01,455,455.03,0
2026-04-20T13:20:00.000Z,455.4376,456,455,455.5,0
2026-04-20T13:25:00.000Z,454.96,458.77,454.74,458.23,0
2026-04-20T13:30:00.000Z,458.25,464.55999755859375,454.10198974609375,455.8999938964844,2557214
2026-04-20T13:35:00.000Z,456.05999755859375,456.489990234375,451.4200134277344,454.260009765625,845279
2026-04-20T13:40:00.000Z,454.2987976074219,454.393310546875,450.5899963378906,453.7300109863281,656624
2026-04-20T13:45:00.000Z,453.3500061035156,453.9200134277344,451.1099853515625,451.54998779296875,438136
2026-04-20T13:50:00.000Z,451.7099914550781,453.07000732421875,450.0799865722656,451.6199951171875,580304
2026-04-20T13:55:00.000Z,451.5,452.54998779296875,450.79998779296875,451.4649963378906,340957
2026-04-20T14:00:00.000Z,451.3500061035156,451.5697937011719,446,446.1700134277344,777972
2026-04-20T14:05:00.000Z,446.29998779296875,449.1300048828125,446.2200012207031,449.07000732421875,470176
2026-04-20T14:10:00.000Z,449.1698913574219,451.5799865722656,448.510009765625,449.3599853515625,721376
2026-04-20T14:15:00.000Z,449.0199890136719,449.2287902832031,447.3009948730469,449.0408020019531,377502
2026-04-20T14:20:00.000Z,449.0150146484375,449.8999938964844,448.5,448.9639892578125,305593
2026-04-20T14:25:00.000Z,449.0199890136719,449.8500061035156,448.07000732421875,448.6182861328125,241850
2026-04-20T14:30:00.000Z,448.4949951171875,449.7998962402344,448.0000915527344,449.5299987792969,221336
2026-04-20T14:35:00.000Z,449.4599914550781,450.94000244140625,449.17010498046875,450.6400146484375,267358
2026-04-20T14:40:00.000Z,450.6700134277344,450.8500061035156,448.0682067871094,448.20001220703125,294884
2026-04-20T14:45:00.000Z,448.20001220703125,448.3699951171875,444.5,444.90008544921875,788634
2026-04-20T14:50:00.000Z,444.9100036621094,445.6000061035156,441.79998779296875,443.92498779296875,681178
2026-04-20T14:55:00.000Z,443.8500061035156,444.2598876953125,440.260009765625,441.54998779296875,752874
2026-04-20T15:00:00.000Z,441.64300537109375,442.45001220703125,438.1900939941406,438.5400085449219,691099
2026-04-20T15:05:00.000Z,438.6069030761719,440.59991455078125,437.6499938964844,440.2200927734375,737050
2026-04-20T15:10:00.000Z,440.2200927734375,442.1799011230469,440,441.239990234375,520690
2026-04-20T15:15:00.000Z,441.2300109863281,441.8999938964844,440.3399963378906,441.3900146484375,331535
2026-04-20T15:20:00.000Z,441.3500061035156,444.1098937988281,441.239990234375,443.4800109863281,472245
2026-04-20T15:25:00.000Z,443.4729919433594,443.75,442.0400085449219,443.5,324359
2026-04-20T15:30:00.000Z,443.5379943847656,443.59991455078125,442.0801086425781,442.489990234375,284909
2026-04-20T15:35:00.000Z,442.45001220703125,443.1098937988281,441.7200927734375,442.3450012207031,231527
2026-04-20T15:40:00.000Z,442.239990234375,442.5299987792969,440.1536865234375,440.3299865722656,293411
2026-04-20T15:45:00.000Z,440.2601013183594,440.9100036621094,439.410888671875,439.4949951171875,389115
2026-04-20T15:50:00.000Z,439.4100036621094,439.44500732421875,435.8999938964844,438.3927917480469,948094
2026-04-20T15:55:00.000Z,438.4100036621094,438.9599914550781,437.82000732421875,438.2650146484375,332537
2026-04-20T16:00:00.000Z,438.2749938964844,438.2749938964844,436.7511901855469,437.68499755859375,470216
2026-04-20T16:05:00.000Z,437.5899963378906,441.1499938964844,437.4643859863281,441.105712890625,467516
2026-04-20T16:10:00.000Z,440.989990234375,442.3699951171875,440.989990234375,441.42999267578125,433343
2026-04-20T16:15:00.000Z,441.4200134277344,442.6400146484375,440.8999938964844,442.614990234375,298567
2026-04-20T16:20:00.000Z,442.6300048828125,443.1199951171875,442.1300048828125,442.4299011230469,341452
2026-04-20T16:25:00.000Z,442.3599853515625,443.06988525390625,441.6000061035156,442.8949890136719,266976
2026-04-20T16:30:00.000Z,442.95989990234375,444.0299987792969,442.7001037597656,443.5,345930
2026-04-20T16:35:00.000Z,443.4901123046875,443.9100036621094,442.6600036621094,443.3999938964844,217216
2026-04-20T16:40:00.000Z,443.3800048828125,444.909912109375,443.1199951171875,444.5199890136719,369867
2026-04-20T16:45:00.000Z,444.4269104003906,445.6400146484375,444.1600036621094,444.7099914550781,319460
2026-04-20T16:50:00.000Z,444.79998779296875,445.4198913574219,443.8399963378906,445.32989501953125,293152
2026-04-20T16:55:00.000Z,445.3179931640625,445.8999938964844,444.5799865722656,445.57000732421875,316716
2026-04-20T17:00:00.000Z,445.57501220703125,446.0299987792969,444.5000915527344,445.45001220703125,388098
2026-04-20T17:05:00.000Z,445.4971008300781,446.1499938964844,445.20001220703125,445.4599914550781,211017
2026-04-20T17:10:00.000Z,445.4599914550781,445.6199951171875,445,445.5400085449219,164339
2026-04-20T17:15:00.000Z,445.55499267578125,446.29998779296875,445.3800048828125,446.05999755859375,174423
2026-04-20T17:20:00.000Z,446.04998779296875,446.0599060058594,445.1199951171875,446.0199890136719,179411
2026-04-20T17:25:00.000Z,445.9825134277344,446.06988525390625,445.360107421875,445.40399169921875,186780
2026-04-20T17:30:00.000Z,445.4700012207031,447.25,445.4100036621094,447.0400085449219,324095
2026-04-20T17:35:00.000Z,447.0299987792969,448.0799865722656,446.7799987792969,447.5799865722656,313615
2026-04-20T17:40:00.000Z,447.5,448.2799072265625,447.1400146484375,447.31500244140625,227443
2026-04-20T17:45:00.000Z,447.3500061035156,447.7799987792969,446.739990234375,447.777099609375,206236
2026-04-20T17:50:00.000Z,447.7500915527344,448.35919189453125,447.1300048828125,448.2149963378906,251081
2026-04-20T17:55:00.000Z,448.29998779296875,448.3500061035156,447.1099853515625,447.80999755859375,242670
2026-04-20T18:00:00.000Z,447.8399963378906,448.7799987792969,447.7799987792969,448.27398681640625,202545
2026-04-20T18:05:00.000Z,448.25,449.17999267578125,447.5299987792969,449.09588623046875,450115
2026-04-20T18:10:00.000Z,449.135009765625,449.3330078125,447.9800109863281,448.9200134277344,274235
2026-04-20T18:15:00.000Z,448.80999755859375,448.9798889160156,448.40008544921875,448.6400146484375,118052
2026-04-20T18:20:00.000Z,448.7929992675781,448.7929992675781,447.5,448.3799133300781,240780
2026-04-20T18:25:00.000Z,448.2749938964844,448.8349914550781,447.8999938964844,448.2850036621094,186250
2026-04-20T18:30:00.000Z,448.29998779296875,448.4399108886719,446.79998779296875,446.9075012207031,216283
2026-04-20T18:35:00.000Z,446.9049987792969,447.2699890136719,446.2550048828125,446.5199890136719,218432
2026-04-20T18:40:00.000Z,446.4700012207031,447.8399963378906,446.3500061035156,447.3800048828125,211491
2026-04-20T18:45:00.000Z,447.44000244140625,448.20001220703125,447.110107421875,447.79998779296875,192029
2026-04-20T18:50:00.000Z,447.9798889160156,448.760009765625,447.8399963378906,448.6499938964844,223868
2026-04-20T18:55:00.000Z,448.6400146484375,448.9599914550781,448.2601013183594,448.8996887207031,187495
2026-04-20T19:00:00.000Z,448.8999938964844,449.3500061035156,447.9368896484375,448.11138916015625,249337
2026-04-20T19:05:00.000Z,448.19000244140625,448.5498962402344,447.3299865722656,448.44500732421875,228594
2026-04-20T19:10:00.000Z,448.44500732421875,448.54998779296875,447.5,447.7900085449219,183484
2026-04-20T19:15:00.000Z,447.864990234375,447.9800109863281,446.7900085449219,447.5199890136719,293968
2026-04-20T19:20:00.000Z,447.5199890136719,447.6400146484375,447,447.1700134277344,149047
2026-04-20T19:25:00.000Z,447.07000732421875,447.9020080566406,447,447.8299865722656,231262
2026-04-20T19:30:00.000Z,447.7699890136719,448.20001220703125,447.2799987792969,447.44000244140625,536333
2026-04-20T19:35:00.000Z,447.3599853515625,448.2998962402344,447.20001220703125,448.2149963378906,176199
2026-04-20T19:40:00.000Z,448.2200012207031,448.45001220703125,447.70001220703125,448.3800048828125,202762
2026-04-20T19:45:00.000Z,448.3900146484375,448.8699951171875,448.239990234375,448.7900085449219,217739
2026-04-20T19:50:00.000Z,448.7900085449219,448.92999267578125,447.1180114746094,447.25830078125,427419
2026-04-20T19:55:00.000Z,447.4800109863281,448.5,447.20001220703125,448.3800048828125,773372
2026-04-20T20:00:00.000Z,448.42,448.45,446.4611,447.75,0
2026-04-20T20:05:00.000Z,448,448,447.06,447.15,0
2026-04-20T20:10:00.000Z,448.42,448.42,446.66,446.75,0
2026-04-20T20:15:00.000Z,446.77,448.42,446.6507,446.95,0
2026-04-20T20:20:00.000Z,447,447.22,446.95,446.95,0
2026-04-20T20:25:00.000Z,447,447.2,446,446.36,0
2026-04-20T20:30:00.000Z,446.3029,447.2,446.26,447.17,0
2026-04-20T20:35:00.000Z,446.779,448.75,446.7771,448.4912,0
2026-04-20T20:40:00.000Z,448.3,448.4,447.75,448.08,0
2026-04-20T20:45:00.000Z,448.27,448.39,447.51,447.7,0
2026-04-20T20:50:00.000Z,447.65,448.39,447.5,447.65,0
2026-04-20T20:55:00.000Z,447.5712,447.95,447.31,447.49,0
2026-04-20T21:00:00.000Z,447.34,447.7,446.47,446.77,0
2026-04-20T21:05:00.000Z,446.5,447,446.5,446.74,0
2026-04-20T21:10:00.000Z,446.64,448.42,446.3,446.35,0
2026-04-20T21:15:00.000Z,446.49,446.99,446.31,446.85,0
2026-04-20T21:20:00.000Z,446.6344,446.99,446.4,446.91,0
2026-04-20T21:25:00.000Z,446.8247,446.99,446.4,446.89,0
2026-04-20T21:30:00.000Z,446.85,446.9,446.6644,446.75,0
2026-04-20T21:35:00.000Z,446.7828,446.83,446.4,446.75,0
2026-04-20T21:40:00.000Z,446.71,446.74,446,446.51,0
2026-04-20T21:45:00.000Z,446.49,446.69,446.01,446.26,0
2026-04-20T21:50:00.000Z,446.6988,446.6988,446.25,446.65,0
2026-04-20T21:55:00.000Z,446.65,446.67,446.25,446.67,0
2026-04-20T22:00:00.000Z,446.67,447.25,446.51,447.1,0
2026-04-20T22:05:00.000Z,446.9085,447.75,446.9,447.35,0
2026-04-20T22:10:00.000Z,447.48,447.77,447.28,447.28,0
2026-04-20T22:15:00.000Z,447.23,447.5,447,447.49,0
2026-04-20T22:20:00.000Z,447.39,447.44,447.21,447.3,0
2026-04-20T22:25:00.000Z,447.26,447.26,446.3672,446.7988,0
2026-04-20T22:30:00.000Z,446.7999,447.422,446.67,447.33,0
2026-04-20T22:35:00.000Z,447.4988,447.5,447,447.02,0
2026-04-20T22:40:00.000Z,447.33,447.33,447.0429,447.26,0
2026-04-20T22:45:00.000Z,447.2,447.3,447,447.23,0
2026-04-20T22:50:00.000Z,447.11,447.3,447.05,447.22,0
2026-04-20T22:55:00.000Z,447.2,448.42,447.06,447.48,0
2026-04-20T23:00:00.000Z,447.32,447.48,447.12,447.35,0
2026-04-20T23:05:00.000Z,447.3,447.48,425.1859,447.2999,0
2026-04-20T23:10:00.000Z,447.3,447.38,447.049,447.049,0
2026-04-20T23:15:00.000Z,447.1,447.28,446.8,446.8199,0
2026-04-20T23:20:00.000Z,446.82,447,446.55,446.82,0
2026-04-20T23:25:00.000Z,446.82,447.2,446.6012,447.07,0
2026-04-20T23:30:00.000Z,447.0479,447.07,446.6,446.8,0
2026-04-20T23:35:00.000Z,446.85,447,446.8,446.9,0
2026-04-20T23:40:00.000Z,446.87,446.9,446.6,446.7,0
2026-04-20T23:45:00.000Z,446.7,446.87,446.6,446.8,0
2026-04-20T23:50:00.000Z,446.8,447.33,446.7105,447.33,0
2026-04-20T23:55:00.000Z,447.38,447.98,447.31,447.94,0
2026-04-21T08:00:00.000Z,452.27,453,450.58,452.32,0
2026-04-21T08:05:00.000Z,452.03,452.75,450.79,451.46,0
2026-04-21T08:10:00.000Z,451.3,451.89,450.7712,451.35,0
2026-04-21T08:15:00.000Z,451.35,451.9,451.0012,451.46,0
2026-04-21T08:20:00.000Z,451.44,452,451.4,451.89,0
2026-04-21T08:25:00.000Z,451.97,452.48,451.83,452.3,0
2026-04-21T08:30:00.000Z,452.26,452.5,452.02,452.05,0
2026-04-21T08:35:00.000Z,452.15,452.5,451.66,452.5,0
2026-04-21T08:40:00.000Z,452.5,453.7,452.41,453.7,0
2026-04-21T08:45:00.000Z,453.68,453.8,453.3,453.3,0
2026-04-21T08:50:00.000Z,453.18,453.46,453,453.3,0
2026-04-21T08:55:00.000Z,453.21,453.3453,452.64,453,0
2026-04-21T09:00:00.000Z,452.9,453,452.025,452.69,0
2026-04-21T09:05:00.000Z,452.69,453,452,452.35,0
2026-04-21T09:10:00.000Z,452.35,453.4,452.23,453.12,0
2026-04-21T09:15:00.000Z,453,453.38,452.85,453.3,0
2026-04-21T09:20:00.000Z,453.1308,453.2988,452.5,452.55,0
2026-04-21T09:25:00.000Z,452.55,453.0412,452.55,452.95,0
2026-04-21T09:30:00.000Z,452.9,453.21,452.8,452.9987,0
2026-04-21T09:35:00.000Z,452.99,453,452.56,452.76,0
2026-04-21T09:40:00.000Z,452.85,453.24,452.85,453.15,0
2026-04-21T09:45:00.000Z,453.18,453.18,453.01,453.18,0
2026-04-21T09:50:00.000Z,453.3,453.99,453.26,453.49,0
2026-04-21T09:55:00.000Z,453.47,453.8,453.11,453.26,0
2026-04-21T10:00:00.000Z,453.3,453.8,453.11,453.8,0
2026-04-21T10:05:00.000Z,453.8,454.5,453.8,454.5,0
2026-04-21T10:10:00.000Z,454.5,454.51,454,454.1,0
2026-04-21T10:15:00.000Z,454.1,454.58,454.1,454.55,0
2026-04-21T10:20:00.000Z,454.46,454.5,454.2,454.4,0
2026-04-21T10:25:00.000Z,454.33,454.5,454.0192,454.5,0
2026-04-21T10:30:00.000Z,454.51,454.7,454.33,454.61,0
2026-04-21T10:35:00.000Z,454.5,455.17,454.5,454.87,0
2026-04-21T10:40:00.000Z,454.85,455.05,454.2,454.2,0
2026-04-21T10:45:00.000Z,454.05,454.5,454.05,454.0796,0
2026-04-21T10:50:00.000Z,454.25,454.98,454.05,454.69,0
2026-04-21T10:55:00.000Z,454.2,455,453.86,453.86,0
2026-04-21T11:00:00.000Z,454.015,454.015,448.42,453.4,0
2026-04-21T11:05:00.000Z,453.15,454,452.9,453,0
2026-04-21T11:10:00.000Z,453.25,453.8,452.67,453,0
2026-04-21T11:15:00.000Z,452.86,453.25,452.52,452.9,0
2026-04-21T11:20:00.000Z,452.8643,453.4,452.85,452.96,0
2026-04-21T11:25:00.000Z,452.9981,453.2,452.55,452.66,0
2026-04-21T11:30:00.000Z,452.77,453.7523,452.6012,453.7523,0
2026-04-21T11:35:00.000Z,453.7,453.79,453.01,453.5,0
2026-04-21T11:40:00.000Z,453.4556,453.78,453.25,453.5,0
2026-04-21T11:45:00.000Z,453.45,453.5,453.25,453.27,0
2026-04-21T11:50:00.000Z,453.29,453.47,453.2,453.46,0
2026-04-21T11:55:00.000Z,453.4392,453.46,453.1,453.1,0
2026-04-21T12:00:00.000Z,453.11,453.32,452.61,452.9,0
2026-04-21T12:05:00.000Z,452.82,453.54,452.7,453.34,0
2026-04-21T12:10:00.000Z,453.31,453.31,452.01,452.01,0
2026-04-21T12:15:00.000Z,452.0798,452.43,451.1,451.39,0
2026-04-21T12:20:00.000Z,451.25,452.43,451.02,451.9675,0
2026-04-21T12:25:00.000Z,451.9494,452.45,451.7825,452.41,0
2026-04-21T12:30:00.000Z,452.39,452.5,451.7,452.1,0
2026-04-21T12:35:00.000Z,452.1,452.35,451.2,451.6,0
2026-04-21T12:40:00.000Z,451.4,451.99,450.55,451,0
2026-04-21T12:45:00.000Z,451.02,451.99,450.98,451.51,0
2026-04-21T12:50:00.000Z,451.42,451.8,450.56,450.8,0
2026-04-21T12:55:00.000Z,451,451.8,450.8289,451.27,0
2026-04-21T13:00:00.000Z,451.26,451.5,450.03,450.0885,0
2026-04-21T13:05:00.000Z,450.12,450.83,449.59,449.81,0
2026-04-21T13:10:00.000Z,449.9,450.78,449.6209,450.6,0
2026-04-21T13:15:00.000Z,450.57,450.9844,450.3,450.98,0
2026-04-21T13:20:00.000Z,450.95,451.5,450.4,450.99,0
2026-04-21T13:25:00.000Z,450.99,452.25,450.99,451.87,0
2026-04-21T13:30:00.000Z,451.4649963378906,457.82000732421875,451.4649963378906,454.7850036621094,1990031
2026-04-21T13:35:00.000Z,454.7950134277344,455.8699951171875,452.9548034667969,454.05999755859375,589768
2026-04-21T13:40:00.000Z,453.9200134277344,454.6000061035156,451.9100036621094,452.95001220703125,459495
2026-04-21T13:45:00.000Z,452.6099853515625,454.67999267578125,451.3900146484375,452.3999938964844,533645
2026-04-21T13:50:00.000Z,452.3599853515625,454.07000732421875,450.3999938964844,452.1099853515625,525807
2026-04-21T13:55:00.000Z,452.1000061035156,454,451.04998779296875,451.04998779296875,332246
2026-04-21T14:00:00.000Z,451.2799987792969,451.56988525390625,449.5899963378906,450.3699951171875,363089
2026-04-21T14:05:00.000Z,450.3500061035156,452.1000061035156,450.30511474609375,451.75,297517
2026-04-21T14:10:00.000Z,451.6600036621094,451.8599853515625,448.8500061035156,449.1418151855469,346682
2026-04-21T14:15:00.000Z,448.92999267578125,449.69989013671875,448.29998779296875,449.5,424994
2026-04-21T14:20:00.000Z,449.45001220703125,449.6000061035156,447.3700866699219,447.92498779296875,446773
2026-04-21T14:25:00.000Z,447.8500061035156,448.33770751953125,446.0199890136719,447.625,519693
2026-04-21T14:30:00.000Z,447.7200012207031,447.9299011230469,444.1499938964844,445.3900146484375,614399
2026-04-21T14:35:00.000Z,445.3900146484375,447.0899963378906,445.1300048828125,446.5199890136719,362680
2026-04-21T14:40:00.000Z,446.70001220703125,447.5,445.6600036621094,446.32000732421875,402642
2026-04-21T14:45:00.000Z,446.3550109863281,446.3699951171875,443.79998779296875,444.3550109863281,458837
2026-04-21T14:50:00.000Z,444.3550109863281,445.20001220703125,443,444.75,324279
2026-04-21T14:55:00.000Z,444.75,445.3500061035156,443.31219482421875,443.7489013671875,239630
2026-04-21T15:00:00.000Z,443.7900085449219,444.2593994140625,441.29998779296875,442.9049987792969,562098
2026-04-21T15:05:00.000Z,442.9049987792969,444.739990234375,441.5000915527344,444.5350036621094,377806
2026-04-21T15:10:00.000Z,444.5400085449219,445.25,444.4601135253906,445.25,262788
2026-04-21T15:15:00.000Z,445.2699890136719,445.2900085449219,443.7601013183594,445.2550048828125,241625
2026-04-21T15:20:00.000Z,445.4399108886719,445.67999267578125,444.0400085449219,444.1000061035156,228451
2026-04-21T15:25:00.000Z,444.04998779296875,444.17999267578125,442.6400146484375,443.5150146484375,262396
2026-04-21T15:30:00.000Z,443.510009765625,444.6499938964844,443.510009765625,443.9100036621094,200339
2026-04-21T15:35:00.000Z,443.94500732421875,444.1700134277344,442.04998779296875,444.0299987792969,272903
2026-04-21T15:40:00.000Z,444.0799865722656,444.39300537109375,442.92010498046875,443.7500915527344,205241
2026-04-21T15:45:00.000Z,443.92999267578125,444.739990234375,442.70001220703125,443.8999938964844,224998
2026-04-21T15:50:00.000Z,443.75,443.83160400390625,443.25,443.5950012207031,114388
2026-04-21T15:55:00.000Z,443.510009765625,446.70001220703125,443.510009765625,446.5799865722656,357531
2026-04-21T16:00:00.000Z,446.6099853515625,449.9100036621094,446.6099853515625,447.4100036621094,651212
2026-04-21T16:05:00.000Z,447.3599853515625,447.4999084472656,445.2489929199219,446.25,357341
2026-04-21T16:10:00.000Z,446.25,447.9992980957031,445.5799865722656,447.4800109863281,341410
2026-04-21T16:15:00.000Z,447.4800109863281,448.55999755859375,447.10009765625,448.364990234375,243431
2026-04-21T16:20:00.000Z,448.29998779296875,449.2099914550781,447.6900939941406,448.32000732421875,358467
2026-04-21T16:25:00.000Z,448.2926940917969,448.5599060058594,447.54998779296875,447.79010009765625,168375
2026-04-21T16:30:00.000Z,447.80999755859375,448.67999267578125,447.7101135253906,447.84588623046875,148950
2026-04-21T16:35:00.000Z,447.8465881347656,448.32000732421875,446.43499755859375,446.5,208071
2026-04-21T16:40:00.000Z,446.5950012207031,447,445.7349853515625,445.95001220703125,205140
2026-04-21T16:45:00.000Z,445.9342041015625,447.3699951171875,445.9342041015625,447.26519775390625,179334
2026-04-21T16:50:00.000Z,447.20001220703125,447.489990234375,446.5,446.69500732421875,119918
2026-04-21T16:55:00.000Z,446.8800048828125,447.57989501953125,446.6700134277344,447.2950134277344,105553
2026-04-21T17:00:00.000Z,447.32501220703125,448.298095703125,447.2200012207031,447.6300048828125,166059
2026-04-21T17:05:00.000Z,447.5899963378906,448.5799865722656,446.20001220703125,448.489990234375,249344
2026-04-21T17:10:00.000Z,448.5,449.05999755859375,447.23529052734375,448.93499755859375,212140
2026-04-21T17:15:00.000Z,448.9750061035156,449.5199890136719,447.82000732421875,447.9200134277344,237125
2026-04-21T17:20:00.000Z,448.010009765625,449.05999755859375,447.239990234375,448.9800109863281,216841
2026-04-21T17:25:00.000Z,449.0199890136719,450.1799011230469,448.510009765625,449.07501220703125,277786
2026-04-21T17:30:00.000Z,449.07501220703125,450.67999267578125,449,449.8399963378906,244795
2026-04-21T17:35:00.000Z,449.9700012207031,452.31988525390625,449.3299865722656,451.7850036621094,323544
2026-04-21T17:40:00.000Z,451.70001220703125,452.6499938964844,451,451.7401123046875,304802
2026-04-21T17:45:00.000Z,451.8800964355469,451.9800109863281,450.8500061035156,451.739990234375,210734
2026-04-21T17:50:00.000Z,451.70001220703125,452.4465026855469,451.4200134277344,451.6499938964844,183344
2026-04-21T17:55:00.000Z,451.5799865722656,451.67999267578125,450.80999755859375,451.3900146484375,154846
2026-04-21T18:00:00.000Z,451.4862060546875,452.14990234375,451.1099853515625,451.25,157877
2026-04-21T18:05:00.000Z,451.20001220703125,451.5899963378906,450.6099853515625,450.6099853515625,648914
2026-04-21T18:10:00.000Z,450.69000244140625,451.54998779296875,450.5,451.42999267578125,148945
2026-04-21T18:15:00.000Z,451.4898986816406,451.7900085449219,449.2099914550781,449.5150146484375,254377
2026-04-21T18:20:00.000Z,449.5150146484375,450.2850036621094,449.4513854980469,449.7349853515625,163188
2026-04-21T18:25:00.000Z,449.7900085449219,450.3699035644531,449.4501037597656,450.2550048828125,142122
2026-04-21T18:30:00.000Z,450.25,451.4599914550781,450.19000244140625,451.25,177988
2026-04-21T18:35:00.000Z,451.1000061035156,451.159912109375,450.2900085449219,450.8800048828125,119212
2026-04-21T18:40:00.000Z,450.8399963378906,450.8949890136719,450.1200866699219,450.29010009765625,84587
2026-04-21T18:45:00.000Z,450.29998779296875,450.5299987792969,449.9700012207031,450.17999267578125,111022
2026-04-21T18:50:00.000Z,450.1650085449219,451.3999938964844,449.3023986816406,451.1962890625,169442
2026-04-21T18:55:00.000Z,451,451.4999084472656,450.1401062011719,450.8500061035156,158304
2026-04-21T19:00:00.000Z,450.739990234375,452.20001220703125,450.6600036621094,451.9599914550781,208290
2026-04-21T19:05:00.000Z,451.9800109863281,452.4700012207031,451.48968505859375,452.3900146484375,193047
2026-04-21T19:10:00.000Z,452.3900146484375,453.3999938964844,451.510009765625,451.989990234375,325305
2026-04-21T19:15:00.000Z,452.06500244140625,452.89990234375,451.489990234375,452.32501220703125,216083
2026-04-21T19:20:00.000Z,452.32501220703125,454.1099853515625,452.010009765625,453.7900085449219,376513
2026-04-21T19:25:00.000Z,453.82501220703125,454.30999755859375,453.739990234375,453.8800048828125,272210
2026-04-21T19:30:00.000Z,453.8800048828125,455.45001220703125,453.8800048828125,454.9849853515625,443061
2026-04-21T19:35:00.000Z,454.95001220703125,455.1799011230469,452.6600036621094,453.4700012207031,370687
2026-04-21T19:40:00.000Z,453.4700012207031,453.54998779296875,447.5,448.17999267578125,567203
2026-04-21T19:45:00.000Z,448.3074951171875,449.3949890136719,447.7601013183594,449.0101013183594,510420
2026-04-21T19:50:00.000Z,449.2200012207031,450.2799987792969,447.6700134277344,447.80999755859375,558437
2026-04-21T19:55:00.000Z,447.760009765625,449.8900146484375,447.2099914550781,449.5205078125,903256
2026-04-21T20:00:00.000Z,449.56,449.56,447.5,448.21,0
2026-04-21T20:05:00.000Z,448.3,450.01,447.7,449.94,0
2026-04-21T20:10:00.000Z,449.72,453,448,452.14,0
2026-04-21T20:15:00.000Z,452.5,453.5,449.38,452.01,0
2026-04-21T20:20:00.000Z,452.0845,454,452,453.8,0
2026-04-21T20:25:00.000Z,453.8,453.8,449.38,452.5,0
2026-04-21T20:30:00.000Z,453,453.32,452.03,453.06,0
2026-04-21T20:35:00.000Z,453.06,453.25,452.2,452.5494,0
2026-04-21T20:40:00.000Z,452.5,452.6,451,451.85,0
2026-04-21T20:45:00.000Z,452,452.4,451.26,451.9644,0
2026-04-21T20:50:00.000Z,451.8,452.4,451.8,452.27,0
2026-04-21T20:55:00.000Z,452.2106,452.7,452.14,452.14,0
2026-04-21T21:00:00.000Z,452.4,452.69,452.15,452.26,0
2026-04-21T21:05:00.000Z,452.2825,452.5,452.2,452.25,0
2026-04-21T21:10:00.000Z,452.14,452.2,451.5,451.6413,0
2026-04-21T21:15:00.000Z,452,452.4999,451.4,452.49,0
2026-04-21T21:20:00.000Z,452.2,452.5,451.9,452.11,0
2026-04-21T21:25:00.000Z,452.11,452.47,452,452.47,0
2026-04-21T21:30:00.000Z,452.05,452.6,449.38,452.43,0
2026-04-21T21:35:00.000Z,452.4085,453,452.34,452.65,0
2026-04-21T21:40:00.000Z,452.84,453,452.61,452.68,0
2026-04-21T21:45:00.000Z,452.8,452.98,452.34,452.3401,0
2026-04-21T21:50:00.000Z,452.4,452.45,452.1,452.22,0
2026-04-21T21:55:00.000Z,452.25,452.89,452.11,452.4,0
2026-04-21T22:00:00.000Z,452.58,452.66,452.11,452.11,0
2026-04-21T22:05:00.000Z,452.203,452.64,452.11,452.52,0
2026-04-21T22:10:00.000Z,452.4,452.95,452.4,452.75,0
2026-04-21T22:15:00.000Z,452.61,452.6988,452.18,452.5587,0
2026-04-21T22:20:00.000Z,452.55,452.67,452.12,452.22,0
2026-04-21T22:25:00.000Z,452.21,452.4,452.12,452.3,0
2026-04-21T22:30:00.000Z,452.33,452.9,452.12,452.4,0
2026-04-21T22:35:00.000Z,452.1986,452.4,452.1986,452.3,0
2026-04-21T22:40:00.000Z,452.3753,452.4,452.2,452.2,0
2026-04-21T22:45:00.000Z,452.2,452.52,452.2,452.45,0
2026-04-21T22:50:00.000Z,452.45,452.579,452.21,452.42,0
2026-04-21T22:55:00.000Z,452.32,452.5,452.21,452.5,0
2026-04-21T23:00:00.000Z,452.3,452.95,452.21,452.94,0
2026-04-21T23:05:00.000Z,452.6,452.95,452.6,452.61,0
2026-04-21T23:10:00.000Z,452.75,452.98,452.6287,452.93,0
2026-04-21T23:15:00.000Z,452.93,453.1462,452.757,453.06,0
2026-04-21T23:20:00.000Z,453.07,453.2,452.88,453.07,0
2026-04-21T23:25:00.000Z,453.1662,453.2,452.94,453.05,0
2026-04-21T23:30:00.000Z,452.96,453.14,452.49,453.14,0
2026-04-21T23:35:00.000Z,452.99,453.13,452.62,453.08,0
2026-04-21T23:40:00.000Z,453.08,453.48,453.0625,453.39,0
2026-04-21T23:45:00.000Z,453.4,453.75,453.39,453.5,0
2026-04-21T23:50:00.000Z,453.65,453.67,452.91,453,0
2026-04-21T23:55:00.000Z,453,453.67,452.68,453.5,0
2026-04-22T08:00:00.000Z,456.41,457.1588,449.38,456.005,0
2026-04-22T08:05:00.000Z,456.15,457.18,452.56,456.6,0
2026-04-22T08:10:00.000Z,456.57,457.17,456.5,456.9022,0
2026-04-22T08:15:00.000Z,456.8,457.31,456.3685,457.27,0
2026-04-22T08:20:00.000Z,457.0941,457.34,456.0891,456.4,0
2026-04-22T08:25:00.000Z,456.4,457,456.2417,456.82,0
2026-04-22T08:30:00.000Z,456.68,457,455.76,455.76,0
2026-04-22T08:35:00.000Z,455.82,456.2,455.68,455.7643,0
2026-04-22T08:40:00.000Z,455.68,456.73,455.68,456.66,0
2026-04-22T08:45:00.000Z,456.65,457,455.68,456.5,0
2026-04-22T08:50:00.000Z,456.4,457,456.3,456.99,0
2026-04-22T08:55:00.000Z,457,457,456.5929,456.9,0
2026-04-22T09:00:00.000Z,456.88,457.61,456.84,457.5,0
2026-04-22T09:05:00.000Z,457.2,458,456.95,457.48,0
2026-04-22T09:10:00.000Z,457.2,458,457.13,457.45,0
2026-04-22T09:15:00.000Z,457.3948,458,457.1417,457.86,0
2026-04-22T09:20:00.000Z,457.85,458.5,457.76,458,0
2026-04-22T09:25:00.000Z,457.98,458.88,457.68,458.7,0
2026-04-22T09:30:00.000Z,458.54,458.88,457.99,458.15,0
2026-04-22T09:35:00.000Z,458.09,458.88,458.09,458.12,0
2026-04-22T09:40:00.000Z,458.11,458.58,458.0209,458.5343,0
2026-04-22T09:45:00.000Z,458.51,458.56,458.2,458.23,0
2026-04-22T09:50:00.000Z,458.23,458.5,457.5,457.64,0
2026-04-22T09:55:00.000Z,457.6,457.6,457,457.15,0
2026-04-22T10:00:00.000Z,457.2,457.5,456.5,456.69,0
2026-04-22T10:05:00.000Z,456.78,457,456.0003,456.6,0
2026-04-22T10:10:00.000Z,456.5,457.3,456,456.32,0
2026-04-22T10:15:00.000Z,456.25,456.8,455.7,455.86,0
2026-04-22T10:20:00.000Z,456,456.34,455.8,455.85,0
2026-04-22T10:25:00.000Z,455.7538,456.5125,455.68,456.2865,0
2026-04-22T10:30:00.000Z,456.45,456.78,456,456.6724,0
2026-04-22T10:35:00.000Z,456.78,456.98,455.68,455.68,0
2026-04-22T10:40:00.000Z,455.7,456,455.4,455.72,0
2026-04-22T10:45:00.000Z,455.72,455.89,455.01,455.1,0
2026-04-22T10:50:00.000Z,455.12,455.9515,455.07,455.5,0
2026-04-22T10:55:00.000Z,455.5,455.6,455.14,455.2,0
2026-04-22T11:00:00.000Z,455.285,456.99,449.38,456.58,0
2026-04-22T11:05:00.000Z,456.75,457,456,456.2595,0
2026-04-22T11:10:00.000Z,456.35,456.86,456,456.23,0
2026-04-22T11:15:00.000Z,456.03,456.75,456,456.5,0
2026-04-22T11:20:00.000Z,456.55,456.81,456.4,456.68,0
2026-04-22T11:25:00.000Z,456.8,456.8,456,456.0375,0
2026-04-22T11:30:00.000Z,456.1,456.4,456,456.065,0
2026-04-22T11:35:00.000Z,456.19,456.5,455.84,456.43,0
2026-04-22T11:40:00.000Z,456.4537,456.5,456,456.4,0
2026-04-22T11:45:00.000Z,456.2,457.5,456.0301,457.5,0
2026-04-22T11:50:00.000Z,457.33,457.5,457,457.1,0
2026-04-22T11:55:00.000Z,457.32,457.35,456.5,457.19,0
2026-04-22T12:00:00.000Z,457.0019,457.98,456.65,457.6209,0
2026-04-22T12:05:00.000Z,457.38,458.25,457.21,458.25,0
2026-04-22T12:10:00.000Z,458.2,458.31,457.77,458.3,0
2026-04-22T12:15:00.000Z,458.26,458.28,457.3,457.84,0
2026-04-22T12:20:00.000Z,457.935,458.08,457.2001,457.7,0
2026-04-22T12:25:00.000Z,457.75,458,457.01,457.2,0
2026-04-22T12:30:00.000Z,457.1,457.4875,456.5,457.3,0
2026-04-22T12:35:00.000Z,457.04,457.2619,456.5,457.15,0
2026-04-22T12:40:00.000Z,457.001,457.29,456.71,457,0
2026-04-22T12:45:00.000Z,457.07,458.07,456.9,457.95,0
2026-04-22T12:50:00.000Z,457.94,458.02,457.1,457.69,0
2026-04-22T12:55:00.000Z,457.555,457.72,457.15,457.28,0
2026-04-22T13:00:00.000Z,457.2,458.39,457,458.07,0
2026-04-22T13:05:00.000Z,458.3,458.94,457.55,458.83,0
2026-04-22T13:10:00.000Z,458.2796,459.6,458.25,458.53,0
2026-04-22T13:15:00.000Z,458.7,459.4,458.3,458.96,0
2026-04-22T13:20:00.000Z,459.15,460.25,458.6222,460.2,0
2026-04-22T13:25:00.000Z,460.15,464.09,460,462.95,0
2026-04-22T13:30:00.000Z,462.8500061035156,469,461.1300048828125,466,3771111
2026-04-22T13:35:00.000Z,465.79998779296875,468,462.3599853515625,462.510009765625,1153335
2026-04-22T13:40:00.000Z,462.3728942871094,467.0299987792969,462.010009765625,466.79998779296875,877794
2026-04-22T13:45:00.000Z,466.6687927246094,466.82000732421875,461.20001220703125,463.3450012207031,860651
2026-04-22T13:50:00.000Z,463.2699890136719,463.8999938964844,460.7690124511719,462.89208984375,562268
2026-04-22T13:55:00.000Z,462.82000732421875,463.0198974609375,458.55999755859375,461.7008972167969,840271
2026-04-22T14:00:00.000Z,461.8999938964844,464.17999267578125,461.1000061035156,462.6687927246094,681253
2026-04-22T14:05:00.000Z,462.3999938964844,462.3999938964844,460.1400146484375,461.07000732421875,414913
2026-04-22T14:10:00.000Z,461.1400146484375,463.54998779296875,461.1199951171875,463.5,415931
2026-04-22T14:15:00.000Z,463.4599914550781,466,463.4100036621094,465.69000244140625,719665
2026-04-22T14:20:00.000Z,465.68499755859375,474.34991455078125,465.5899963378906,472.5299987792969,2302110
2026-04-22T14:25:00.000Z,472.30999755859375,477.3599853515625,471.5400085449219,474.29998779296875,1739498
2026-04-22T14:30:00.000Z,474.0400085449219,474.9100036621094,471.5,471.92999267578125,826098
2026-04-22T14:35:00.000Z,471.8599853515625,474.7499084472656,470.5899963378906,474.1698913574219,789612
2026-04-22T14:40:00.000Z,474,478.69000244140625,473.67010498046875,478.6050109863281,994421
2026-04-22T14:45:00.000Z,478.67999267578125,479.5,476.1300964355469,476.17999267578125,909859
2026-04-22T14:50:00.000Z,476.1400146484375,477.05999755859375,474.54998779296875,475.5150146484375,533428
2026-04-22T14:55:00.000Z,475.375,475.6600036621094,473.8949890136719,474.9949951171875,450217
2026-04-22T15:00:00.000Z,474.9949951171875,476.8699951171875,474.0400085449219,475.15948486328125,494779
2026-04-22T15:05:00.000Z,475.1300048828125,475.497802734375,473.1199951171875,473.3699951171875,368954
2026-04-22T15:10:00.000Z,473.5,474.4198913574219,472.7101135253906,474.07501220703125,363339
2026-04-22T15:15:00.000Z,474.0899963378906,475.239990234375,473.3901062011719,474.739990234375,326124
2026-04-22T15:20:00.000Z,474.7349853515625,476.20001220703125,474.4800109863281,475.6499938964844,401610
2026-04-22T15:25:00.000Z,475.67498779296875,475.8800048828125,474.7547912597656,475.47198486328125,246569
2026-04-22T15:30:00.000Z,475.3800048828125,476.70001220703125,475.002685546875,476.45098876953125,351729
2026-04-22T15:35:00.000Z,476.5,478.989990234375,475.07000732421875,478.6401062011719,665191
2026-04-22T15:40:00.000Z,478.6499938964844,478.7499084472656,475.7900085449219,476.2099914550781,382048
2026-04-22T15:45:00.000Z,476.1499938964844,478,475.510009765625,477.7099914550781,327425
2026-04-22T15:50:00.000Z,477.7200012207031,478.5398864746094,477.0600891113281,477.3486022949219,321985
2026-04-22T15:55:00.000Z,477.20001220703125,477.4429016113281,476.5,477.20001220703125,252189
2026-04-22T16:00:00.000Z,477.3999938964844,477.83349609375,476.29998779296875,477.010009765625,207610
2026-04-22T16:05:00.000Z,477.0249938964844,477.9700012207031,476.9100036621094,477.3699951171875,261993
2026-04-22T16:10:00.000Z,477.70001220703125,478.47711181640625,477.3399963378906,478.385009765625,235941
2026-04-22T16:15:00.000Z,478.3999938964844,478.5,476.70001220703125,476.75,387219
2026-04-22T16:20:00.000Z,476.7650146484375,480.5,476.6499938964844,479.7449951171875,885983
2026-04-22T16:25:00.000Z,479.6199951171875,481.84991455078125,479.53009033203125,479.9999084472656,709983
2026-04-22T16:30:00.000Z,479.9999084472656,481.1600036621094,479.010009765625,481.125,451073
2026-04-22T16:35:00.000Z,481.1000061035156,483.1698913574219,480.8985900878906,482.2900085449219,773464
2026-04-22T16:40:00.000Z,482.2900085449219,482.8999938964844,481.7995910644531,482.29998779296875,436835
2026-04-22T16:45:00.000Z,482.34600830078125,483.34991455078125,481.75,482.18011474609375,461534
2026-04-22T16:50:00.000Z,482.30999755859375,485.510009765625,482.1700134277344,484.55999755859375,799399
2026-04-22T16:55:00.000Z,484.57000732421875,484.89990234375,483.5799865722656,483.7099914550781,440727
2026-04-22T17:00:00.000Z,483.68499755859375,484.1799011230469,483.0299987792969,484.0459899902344,352570
2026-04-22T17:05:00.000Z,483.91009521484375,484.2900085449219,483.0299987792969,483.75970458984375,278637
2026-04-22T17:10:00.000Z,483.7699890136719,485.1099853515625,483.5199890136719,484.30999755859375,330290
2026-04-22T17:15:00.000Z,484.30999755859375,484.84991455078125,483.8301086425781,484.09991455078125,237879
2026-04-22T17:20:00.000Z,483.95001220703125,486.6698913574219,483.4599914550781,485.9100036621094,524589
2026-04-22T17:25:00.000Z,485.94989013671875,486.61370849609375,484.79998779296875,484.8500061035156,305804
2026-04-22T17:30:00.000Z,484.94000244140625,485.2699890136719,484.1000061035156,485.17999267578125,287920
2026-04-22T17:35:00.000Z,485.2099914550781,486.5,485.07000732421875,485.7550048828125,321002
2026-04-22T17:40:00.000Z,485.7550048828125,486.9999084472656,485.6200866699219,486.3699951171875,260432
2026-04-22T17:45:00.000Z,486.3599853515625,486.389892578125,485.04998779296875,485.8299865722656,307619
2026-04-22T17:50:00.000Z,485.7749938964844,486.3900146484375,485.25,485.3900146484375,246433
2026-04-22T17:55:00.000Z,485.3900146484375,485.79998779296875,484.6400146484375,485.29998779296875,314142
2026-04-22T18:00:00.000Z,485.3900146484375,485.6199035644531,484.44000244140625,484.54998779296875,246918
2026-04-22T18:05:00.000Z,484.4501037597656,484.96990966796875,483.3999938964844,483.6300048828125,287307
2026-04-22T18:10:00.000Z,483.69000244140625,484.5,483.5000915527344,484.2799072265625,261508
2026-04-22T18:15:00.000Z,484.1300048828125,485.1199951171875,483.5783996582031,484.57958984375,247788
2026-04-22T18:20:00.000Z,484.6199951171875,485.7099914550781,483.7001037597656,485.54998779296875,353317
2026-04-22T18:25:00.000Z,485.659912109375,486.20001220703125,485.1400146484375,485.635009765625,271005
2026-04-22T18:30:00.000Z,485.6000061035156,486.2499084472656,485.5400085449219,485.5400085449219,204902
2026-04-22T18:35:00.000Z,485.5201110839844,486.3900146484375,485.3399963378906,486.3500061035156,150319
2026-04-22T18:40:00.000Z,486.3900146484375,488.1700134277344,485.9100036621094,488.114990234375,428197
2026-04-22T18:45:00.000Z,488.114990234375,488.87811279296875,487.6600036621094,487.84930419921875,396998
2026-04-22T18:50:00.000Z,487.81500244140625,489.739990234375,487.81500244140625,489.55999755859375,450066
2026-04-22T18:55:00.000Z,489.4599914550781,489.70001220703125,488.7200012207031,489.1549987792969,334734
2026-04-22T19:00:00.000Z,489.20001220703125,489.3900146484375,486.7016906738281,487.92999267578125,461851
2026-04-22T19:05:00.000Z,487.93499755859375,490.5899963378906,487.7699890136719,490.0799865722656,675998
2026-04-22T19:10:00.000Z,490.0101013183594,491.9800109863281,489.6099853515625,491.635009765625,566999
2026-04-22T19:15:00.000Z,491.6199951171875,491.8900146484375,490.3699951171875,490.8550109863281,437315
2026-04-22T19:20:00.000Z,490.94000244140625,491,487.8299865722656,488.2550048828125,418312
2026-04-22T19:25:00.000Z,488.2099914550781,489.30999755859375,486.7099914550781,486.989990234375,427621
2026-04-22T19:30:00.000Z,487.0450134277344,488.0899963378906,486.1199951171875,487.79998779296875,472341
2026-04-22T19:35:00.000Z,487.81500244140625,487.8949890136719,486.55010986328125,486.9107971191406,432894
2026-04-22T19:40:00.000Z,487.0799865722656,487.8900146484375,486.67999267578125,487.82000732421875,379707
2026-04-22T19:45:00.000Z,487.7099914550781,488.20001220703125,487.30999755859375,487.4283142089844,353249
2026-04-22T19:50:00.000Z,487.42999267578125,487.75,485.7900085449219,486.69000244140625,608452
2026-04-22T19:55:00.000Z,486.6499938964844,487.989990234375,486.1000061035156,487.3299865722656,1132108
2026-04-22T20:00:00.000Z,487.42,489.79,487.1,488.47,0
2026-04-22T20:05:00.000Z,488.59,489.5,487.48,489.1795,0
2026-04-22T20:10:00.000Z,489.19,489.7732,487.48,488.31,0
2026-04-22T20:15:00.000Z,488.45,488.59,487.2,487.796,0
2026-04-22T20:20:00.000Z,487.48,488,487.0396,487.23,0
2026-04-22T20:25:00.000Z,487.2,488.43,487.05,488.23,0
2026-04-22T20:30:00.000Z,488.4195,489.97,488.01,489.8,0
2026-04-22T20:35:00.000Z,489.741,490.97,489.55,489.75,0
2026-04-22T20:40:00.000Z,489.94,490.5,489.75,489.92,0
2026-04-22T20:45:00.000Z,489.93,490,489.11,489.36,0
2026-04-22T20:50:00.000Z,489.49,490.3,489.31,489.56,0
2026-04-22T20:55:00.000Z,489.56,490,489.11,489.41,0
2026-04-22T21:00:00.000Z,489.34,490,489.21,489.94,0
2026-04-22T21:05:00.000Z,489.94,490,489.55,489.91,0
2026-04-22T21:10:00.000Z,489.7825,489.974,488.55,488.88,0
2026-04-22T21:15:00.000Z,488.9909,489.5,488.5,489.5,0
2026-04-22T21:20:00.000Z,489.16,489.5,488.5,488.75,0
2026-04-22T21:25:00.000Z,488.79,489,487.48,487.5,0
2026-04-22T21:30:00.000Z,487.7,488.5,487.48,487.55,0
2026-04-22T21:35:00.000Z,487.64,488.5,487.46,488.2,0
2026-04-22T21:40:00.000Z,488.2,488.27,487.48,487.6279,0
2026-04-22T21:45:00.000Z,487.51,487.8,486.1,486.51,0
2026-04-22T21:50:00.000Z,486.53,487,485.89,486.0481,0
2026-04-22T21:55:00.000Z,486.15,486.39,485.5,485.6046,0
2026-04-22T22:00:00.000Z,485.64,486.86,485.56,485.56,0
2026-04-22T22:05:00.000Z,485.76,486.5,485.56,486.461,0
2026-04-22T22:10:00.000Z,486.44,486.5,485.69,486.34,0
2026-04-22T22:15:00.000Z,486.13,487.46,486.13,487.15,0
2026-04-22T22:20:00.000Z,487.15,487.85,487,487.3853,0
2026-04-22T22:25:00.000Z,487.152,487.85,487.1,487.25,0
2026-04-22T22:30:00.000Z,487.3,487.3,486.13,486.99,0
2026-04-22T22:35:00.000Z,486.82,487.25,485.69,485.69,0
2026-04-22T22:40:00.000Z,485.69,486.8,482.23,483.2,0
2026-04-22T22:45:00.000Z,483.01,485.45,482.6,484.7,0
2026-04-22T22:50:00.000Z,484.81,484.84,483.2,484.17,0
2026-04-22T22:55:00.000Z,484.14,485,483.35,483.5,0
2026-04-22T23:00:00.000Z,483.448,484.4,483,483.23,0
2026-04-22T23:05:00.000Z,483.14,484.8,482.6,484.62,0
2026-04-22T23:10:00.000Z,484.5,484.68,483.4,483.88,0
2026-04-22T23:15:00.000Z,483.88,484.56,483.88,484.5001,0
2026-04-22T23:20:00.000Z,484.55,484.8,483.8,484.061,0
2026-04-22T23:25:00.000Z,483.995,484,483.28,483.49,0
2026-04-22T23:30:00.000Z,483.5,484,482.61,483,0
2026-04-22T23:35:00.000Z,483.29,483.99,483,483.46,0
2026-04-22T23:40:00.000Z,483.46,484,483.14,483.21,0
2026-04-22T23:45:00.000Z,483.3,483.98,483.1,483.78,0
2026-04-22T23:50:00.000Z,483.78,485.8,483.71,485.41,0
2026-04-22T23:55:00.000Z,485.41,487,485.4,486.5,0
2026-04-23T08:00:00.000Z,482.15,487.48,475.66,480.44,0
2026-04-23T08:05:00.000Z,480.44,483.43,475.98,480.13,0
2026-04-23T08:10:00.000Z,478.22,483.43,475.68,480.37,0
2026-04-23T08:15:00.000Z,480.32,481.63,480.1502,481.53,0
2026-04-23T08:20:00.000Z,481.5896,481.9739,481.0003,481.5,0
2026-04-23T08:25:00.000Z,481.2,482.44,481,482.0909,0
2026-04-23T08:30:00.000Z,482,482.34,480.95,480.98,0
2026-04-23T08:35:00.000Z,480.91,481.2,480.2,480.6,0
2026-04-23T08:40:00.000Z,480.7,481.2,479.5,480.0501,0
2026-04-23T08:45:00.000Z,480.2,480.5,479.21,479.56,0
2026-04-23T08:50:00.000Z,479.36,480,479,479.5,0
2026-04-23T08:55:00.000Z,479.5256,480,479.5,479.7,0
2026-04-23T09:00:00.000Z,479.7,480,479,479,0
2026-04-23T09:05:00.000Z,479,479.14,477,478.25,0
2026-04-23T09:10:00.000Z,478.4,478.9,477.04,477.76,0
2026-04-23T09:15:00.000Z,477.92,480,477.92,479.786,0
2026-04-23T09:20:00.000Z,479,479.94,479,479,0
2026-04-23T09:25:00.000Z,479,479.94,478.8,479.31,0
2026-04-23T09:30:00.000Z,479.52,480.68,479.2003,480.6,0
2026-04-23T09:35:00.000Z,480.31,480.6,479.51,479.8,0
2026-04-23T09:40:00.000Z,480,480.85,479.95,480.1484,0
2026-04-23T09:45:00.000Z,480.2,480.6351,479.87,480.26,0
2026-04-23T09:50:00.000Z,480.26,480.5,480,480.2,0
2026-04-23T09:55:00.000Z,480.11,480.3,479.0287,479.59,0
2026-04-23T10:00:00.000Z,479.35,480.15,479.025,479.54,0
2026-04-23T10:05:00.000Z,479.88,480,478.93,479.11,0
2026-04-23T10:10:00.000Z,479.11,480,478.8012,479,0
2026-04-23T10:15:00.000Z,479.1791,479.84,479,479.5,0
2026-04-23T10:20:00.000Z,479.57,480.55,479.51,480.55,0
2026-04-23T10:25:00.000Z,480.6,481,479.8,480.3,0
2026-04-23T10:30:00.000Z,480.26,481.67,480,481.5,0
2026-04-23T10:35:00.000Z,481.37,481.61,480.68,480.9857,0
2026-04-23T10:40:00.000Z,480.98,480.9988,480.1,480.62,0
2026-04-23T10:45:00.000Z,480.77,481.6635,480.39,481.17,0
2026-04-23T10:50:00.000Z,480.51,482.25,480.51,482.21,0
2026-04-23T10:55:00.000Z,482.14,482.44,480.1,481.46,0
2026-04-23T11:00:00.000Z,480.95,487.48,480.829,481.55,0
2026-04-23T11:05:00.000Z,481.6203,483.5,480.95,483.0136,0
2026-04-23T11:10:00.000Z,483.47,483.84,482.7,483.09,0
2026-04-23T11:15:00.000Z,482.8,483.4086,481.75,482.1,0
2026-04-23T11:20:00.000Z,482.0464,482.5,481.59,482.2,0
2026-04-23T11:25:00.000Z,482.17,482.5,481.7,482.08,0
2026-04-23T11:30:00.000Z,482.17,482.36,481.6,481.89,0
2026-04-23T11:35:00.000Z,481.7,483.45,481.58,482.9003,0
2026-04-23T11:40:00.000Z,482.94,483.45,482.1658,482.1658,0
2026-04-23T11:45:00.000Z,482.06,483.88,481.5,482.6225,0
2026-04-23T11:50:00.000Z,482.43,483.5,482.4,482.9785,0
2026-04-23T11:55:00.000Z,482.98,483.3,482.3,482.8,0
2026-04-23T12:00:00.000Z,482.7618,483.3,482.21,482.21,0
2026-04-23T12:05:00.000Z,482.9,483.8,482.2997,483.57,0
2026-04-23T12:10:00.000Z,483.7394,483.8,482.5,482.54,0
2026-04-23T12:15:00.000Z,482.5,482.92,481.65,481.92,0
2026-04-23T12:20:00.000Z,481.92,482.4,480.0796,480.1,0
2026-04-23T12:25:00.000Z,480.08,481.48,479.99,481.13,0
2026-04-23T12:30:00.000Z,481.0018,481.48,480.69,481,0
2026-04-23T12:35:00.000Z,481.1699,482.2,481.01,482.04,0
2026-04-23T12:40:00.000Z,482,483,481.5,481.5,0
2026-04-23T12:45:00.000Z,481.72,481.961,479.3,480,0
2026-04-23T12:50:00.000Z,480,481.6873,479.85,480.6,0
2026-04-23T12:55:00.000Z,480.5737,481.2381,480.5,481.0885,0
2026-04-23T13:00:00.000Z,481.01,481.86,481,481.75,0
2026-04-23T13:05:00.000Z,481.52,481.75,481,481.35,0
2026-04-23T13:10:00.000Z,481.35,481.6899,480.8,481.23,0
2026-04-23T13:15:00.000Z,481.0858,481.94,480.77,480.77,0
2026-04-23T13:20:00.000Z,480.77,482.24,480.77,482,0
2026-04-23T13:25:00.000Z,481.8,482.69,480,482.68,0
2026-04-23T13:30:00.000Z,482.1719970703125,483.8489990234375,477.1000061035156,477.30999755859375,2737876
2026-04-23T13:35:00.000Z,477.42999267578125,478.4198913574219,475.2301025390625,477,1101987
2026-04-23T13:40:00.000Z,477.13531494140625,478.70001220703125,474.79998779296875,477.82000732421875,1019707
2026-04-23T13:45:00.000Z,477.82501220703125,478.0198974609375,475.989990234375,477.4700012207031,677489
2026-04-23T13:50:00.000Z,477.5799865722656,480.385009765625,476.3999938964844,478.8699951171875,874923
2026-04-23T13:55:00.000Z,478.8399963378906,479.8500061035156,476.5600891113281,479.42999267578125,685137
2026-04-23T14:00:00.000Z,479.4800109863281,479.55999755859375,476.3399963378906,477.989990234375,572434
2026-04-23T14:05:00.000Z,478.0400085449219,478.0400085449219,473.6400146484375,477.07000732421875,916574
2026-04-23T14:10:00.000Z,476.8800048828125,477.239990234375,471.79998779296875,472.67999267578125,680511
2026-04-23T14:15:00.000Z,472.489990234375,474.8699951171875,472.489990234375,473.0199890136719,404129
2026-04-23T14:20:00.000Z,473.0199890136719,476.29998779296875,473,475.7200012207031,393970
2026-04-23T14:25:00.000Z,475.6000061035156,477.7699890136719,474.5899963378906,477.635009765625,438805
2026-04-23T14:30:00.000Z,477.726806640625,481.7799072265625,477.625,481.0150146484375,718651
2026-04-23T14:35:00.000Z,481.0150146484375,482.9200134277344,479.8699951171875,480.1449890136719,612437
2026-04-23T14:40:00.000Z,480.0400085449219,480.44989013671875,478.54998779296875,480.0950012207031,379434
2026-04-23T14:45:00.000Z,480.0950012207031,480.5899963378906,479.32598876953125,479.3700866699219,249647
2026-04-23T14:50:00.000Z,479.5050048828125,480.39990234375,478.590087890625,479.2550048828125,224479
2026-04-23T14:55:00.000Z,479.2349853515625,481.9800109863281,479.2349853515625,481.9599914550781,314050
2026-04-23T15:00:00.000Z,481.9700012207031,482.4100036621094,480.8299865722656,481.6700134277344,333834
2026-04-23T15:05:00.000Z,481.7601013183594,482.9800109863281,481.3599853515625,482.81500244140625,326791
2026-04-23T15:10:00.000Z,482.81500244140625,485.20001220703125,482.7401123046875,484.6199951171875,582807
2026-04-23T15:15:00.000Z,484.6400146484375,485.9200134277344,483.60009765625,485.75,393188
2026-04-23T15:20:00.000Z,485.81500244140625,485.8800048828125,484.5000915527344,485.4700012207031,342968
2026-04-23T15:25:00.000Z,485.4750061035156,485.4750061035156,483.8399963378906,483.9999084472656,298161
2026-04-23T15:30:00.000Z,483.92999267578125,487.6700134277344,483.2699890136719,486.67498779296875,535142
2026-04-23T15:35:00.000Z,486.6300048828125,487.95001220703125,485.79998779296875,487.81500244140625,435258
2026-04-23T15:40:00.000Z,487.8800048828125,489.9798889160156,487.5799865722656,487.9800109863281,626550
2026-04-23T15:45:00.000Z,488.0199890136719,488.4800109863281,487.10009765625,487.29010009765625,315760
2026-04-23T15:50:00.000Z,487.32000732421875,487.94000244140625,485.8500061035156,485.9849853515625,381139
2026-04-23T15:55:00.000Z,485.94000244140625,488.8399963378906,485.94000244140625,488.7650146484375,369854
2026-04-23T16:00:00.000Z,488.7650146484375,489.260009765625,486.010009765625,486.0199890136719,339405
2026-04-23T16:05:00.000Z,486.05999755859375,487.1099853515625,484.52801513671875,486.19500732421875,382071
2026-04-23T16:10:00.000Z,486.2900085449219,487.9198913574219,486.147705078125,487.6400146484375,215363
2026-04-23T16:15:00.000Z,487.5799865722656,490.29998779296875,487.5799865722656,488.68499755859375,485782
2026-04-23T16:20:00.000Z,488.8500061035156,489.25,487.4100036621094,487.79998779296875,229301
2026-04-23T16:25:00.000Z,487.760009765625,488.739990234375,487.45001220703125,487.9999084472656,177444
2026-04-23T16:30:00.000Z,487.8599853515625,492.3500061035156,487.70001220703125,491.9150085449219,543101
2026-04-23T16:35:00.000Z,491.9150085449219,493.20001220703125,491.3299865722656,492.8200988769531,513086
2026-04-23T16:40:00.000Z,492.8999938964844,493.6199035644531,492.5,492.8699951171875,388425
2026-04-23T16:45:00.000Z,492.989990234375,493.29998779296875,491.6099853515625,492.29998779296875,329475
2026-04-23T16:50:00.000Z,492.3399963378906,493.5,491.3396911621094,491.80499267578125,281413
2026-04-23T16:55:00.000Z,491.79998779296875,491.8900146484375,489.8800048828125,490.0799865722656,247920
2026-04-23T17:00:00.000Z,490.1700134277344,491.0198974609375,486.610107421875,486.610107421875,468049
2026-04-23T17:05:00.000Z,486.610107421875,486.9700012207031,483.0007019042969,483.3550109863281,556070
2026-04-23T17:10:00.000Z,483.32501220703125,484.9100036621094,482.5,484.58990478515625,509588
2026-04-23T17:15:00.000Z,484.42498779296875,484.42498779296875,481.5000915527344,482.20001220703125,442687
2026-04-23T17:20:00.000Z,482.20001220703125,483.4999084472656,480.66009521484375,481.2950134277344,607845
2026-04-23T17:25:00.000Z,481.2300109863281,483.9198913574219,480.5000915527344,482.07501220703125,511606
2026-04-23T17:30:00.000Z,482.125,484.974609375,481,484.6900939941406,371809
2026-04-23T17:35:00.000Z,484.95001220703125,485.2900085449219,481.5,481.93499755859375,441859
2026-04-23T17:40:00.000Z,482.3900146484375,482.4429016113281,475,476.3599853515625,908920
2026-04-23T17:45:00.000Z,476.44000244140625,476.6099853515625,473.25,475.5802917480469,654019
2026-04-23T17:50:00.000Z,475.6600036621094,478.3099060058594,473.30999755859375,477.69000244140625,574599
2026-04-23T17:55:00.000Z,477.6900939941406,479.760009765625,477.260009765625,479.05999755859375,494520
2026-04-23T18:00:00.000Z,478.82000732421875,481.3599853515625,478.3399963378906,479.20001220703125,464280
2026-04-23T18:05:00.000Z,479.25,481.25,478.6401062011719,480.0299987792969,318428
2026-04-23T18:10:00.000Z,480.1600036621094,481.1000061035156,478.54998779296875,479.4150085449219,279853
2026-04-23T18:15:00.000Z,479.42498779296875,479.92999267578125,478.54998779296875,478.9700012207031,156416
2026-04-23T18:20:00.000Z,479.0400085449219,479.3999938964844,478.1000061035156,478.6549987792969,193713
2026-04-23T18:25:00.000Z,478.55999755859375,479.09820556640625,477.4200134277344,478.9599914550781,219323
2026-04-23T18:30:00.000Z,478.9750061035156,480.409912109375,478.9750061035156,479.94500732421875,237031
2026-04-23T18:35:00.000Z,479.9649963378906,480.92999267578125,479.6000061035156,480.3500061035156,230659
2026-04-23T18:40:00.000Z,480.2699890136719,481.20989990234375,479.79998779296875,480.7449951171875,189902
2026-04-23T18:45:00.000Z,480.5799865722656,480.9898986816406,478.54998779296875,478.67999267578125,218893
2026-04-23T18:50:00.000Z,478.6099853515625,478.7200012207031,477.5299987792969,477.739990234375,208222
2026-04-23T18:55:00.000Z,477.5,477.6098937988281,473.7699890136719,474.56500244140625,343049
2026-04-23T19:00:00.000Z,474.6499938964844,475.20989990234375,473.20001220703125,473.864990234375,306819
2026-04-23T19:05:00.000Z,473.9700012207031,476.0899963378906,473.9700012207031,475.4410095214844,266519
2026-04-23T19:10:00.000Z,475.5199890136719,475.9599914550781,474.8599853515625,475.9599914550781,160186
2026-04-23T19:15:00.000Z,475.9320068359375,477.25,475.85101318359375,476.05999755859375,269518
2026-04-23T19:20:00.000Z,476.0199890136719,476.889892578125,475.2200012207031,476.7049865722656,172590
2026-04-23T19:25:00.000Z,476.82000732421875,477.6000061035156,476.54998779296875,476.76800537109375,177822
2026-04-23T19:30:00.000Z,476.6650085449219,477.9761047363281,475.75,475.8550109863281,236447
2026-04-23T19:35:00.000Z,475.94000244140625,475.94989013671875,474.1600036621094,475.3599853515625,275475
2026-04-23T19:40:00.000Z,475.4599914550781,476.3599853515625,475.3599853515625,475.6400146484375,196766
2026-04-23T19:45:00.000Z,475.5799865722656,476.8999938964844,475.4501037597656,476.8999938964844,174760
2026-04-23T19:50:00.000Z,476.8900146484375,477.739990234375,475.8699951171875,477.6499938964844,364475
2026-04-23T19:55:00.000Z,477.57000732421875,482.19000244140625,477.3699951171875,482,1118527
2026-04-23T20:00:00.000Z,481.995,484.69,480.37,483,0
2026-04-23T20:05:00.000Z,483.01,486.75,481.2,484.99,0
2026-04-23T20:10:00.000Z,484.57,485,481.72,484.39,0
2026-04-23T20:15:00.000Z,484.5,484.75,481.72,483.7789,0
2026-04-23T20:20:00.000Z,481.72,484.5,481.72,484.32,0
2026-04-23T20:25:00.000Z,484.4,484.75,483.7,484.2,0
2026-04-23T20:30:00.000Z,484.13,485.1,483.91,484.54,0
2026-04-23T20:35:00.000Z,484.17,484.95,484,484.75,0
2026-04-23T20:40:00.000Z,484.95,484.99,483.6,484.2,0
2026-04-23T20:45:00.000Z,484.2,484.49,482.7,482.7,0
2026-04-23T20:50:00.000Z,482.3,483,481.08,481.98,0
2026-04-23T20:55:00.000Z,481.8818,482.99,481.76,482.1299,0
2026-04-23T21:00:00.000Z,482,482.76,482,482.5,0
2026-04-23T21:05:00.000Z,482.7,482.9,482.06,482.7,0
2026-04-23T21:10:00.000Z,482.5,482.8752,481.4,481.4,0
2026-04-23T21:15:00.000Z,481.4,481.995,480.6,481.18,0
2026-04-23T21:20:00.000Z,481,482,481,481.97,0
2026-04-23T21:25:00.000Z,482,482.85,481.7,482.7104,0
2026-04-23T21:30:00.000Z,482.71,484.01,482.32,483.41,0
2026-04-23T21:35:00.000Z,483.6,483.87,136.9859,483.37,0
2026-04-23T21:40:00.000Z,483.24,483.85,481.72,482.5988,0
2026-04-23T21:45:00.000Z,482.58,483.5,482.078,482.8,0
2026-04-23T21:50:00.000Z,482.8,483.5,482.2604,482.5,0
2026-04-23T21:55:00.000Z,482.5,483.37,482.15,483,0
2026-04-23T22:00:00.000Z,482.83,483.65,482.12,482.63,0
2026-04-23T22:05:00.000Z,483,483.75,482.13,483.02,0
2026-04-23T22:10:00.000Z,483.06,484.24,483,484.24,0
2026-04-23T22:15:00.000Z,484.1,484.234,483.33,483.75,0
2026-04-23T22:20:00.000Z,483.75,483.75,483.3,483.32,0
2026-04-23T22:25:00.000Z,483.32,483.48,482.539,482.77,0
2026-04-23T22:30:00.000Z,482.77,483.6,482.5,483.1,0
2026-04-23T22:35:00.000Z,483.3,483.58,482.9,483.5,0
2026-04-23T22:40:00.000Z,483.48,483.57,483,483.21,0
2026-04-23T22:45:00.000Z,483.22,483.5799,483.04,483.15,0
2026-04-23T22:50:00.000Z,483.2,483.5799,483.2,483.55,0
2026-04-23T22:55:00.000Z,483.4,483.87,483.22,483.65,0
2026-04-23T23:00:00.000Z,483.84,484,483.5,483.9899,0
2026-04-23T23:05:00.000Z,484,484,483.5,483.71,0
2026-04-23T23:10:00.000Z,483.75,483.9,483.15,483.62,0
2026-04-23T23:15:00.000Z,483.9,484,483.59,483.9993,0
2026-04-23T23:20:00.000Z,484,484.26,483.25,484.26,0
2026-04-23T23:25:00.000Z,484.35,485,484,484.95,0
2026-04-23T23:30:00.000Z,484.96,485.5,484.5001,485.13,0
2026-04-23T23:35:00.000Z,485.22,485.5,484.76,485.13,0
2026-04-23T23:40:00.000Z,485.37,485.37,475.58,484.77,0
2026-04-23T23:45:00.000Z,477.41,485,477.41,484.76,0
2026-04-23T23:50:00.000Z,484.76,485.37,484.75,485.2,0
2026-04-23T23:55:00.000Z,485.2653,485.3,484.652,485,0
2026-04-24T08:00:00.000Z,483.82,485,475.15,483.94,0
2026-04-24T08:05:00.000Z,483.69,485,475.49,484.5384,0
2026-04-24T08:10:00.000Z,484.4,484.9384,483.7,483.82,0
2026-04-24T08:15:00.000Z,483.82,485.8,483.82,485.2,0
2026-04-24T08:20:00.000Z,485.83,487.9597,485.82,487.9,0
2026-04-24T08:25:00.000Z,487.8,487.9,486.34,486.5,0
2026-04-24T08:30:00.000Z,486.59,487,486.05,486.61,0
2026-04-24T08:35:00.000Z,486.69,487.88,486.22,487.7,0
2026-04-24T08:40:00.000Z,487.76,488.26,486.51,486.74,0
2026-04-24T08:45:00.000Z,486.74,487.5,486.27,487.1,0
2026-04-24T08:50:00.000Z,487.1209,487.5,486.5,486.77,0
2026-04-24T08:55:00.000Z,486.721,487.3,486.3132,486.64,0
2026-04-24T09:00:00.000Z,486.6047,487.5,486.45,486.69,0
2026-04-24T09:05:00.000Z,486.61,487.46,486,486.13,0
2026-04-24T09:10:00.000Z,486.53,486.8557,486.12,486.8557,0
2026-04-24T09:15:00.000Z,486.61,487,485.52,485.7,0
2026-04-24T09:20:00.000Z,485.5,486,484.25,485,0
2026-04-24T09:25:00.000Z,484.91,485,484,484.76,0
2026-04-24T09:30:00.000Z,484.5,484.8,482.88,482.95,0
2026-04-24T09:35:00.000Z,482.95,484.79,482.206,484.79,0
2026-04-24T09:40:00.000Z,484.99,485.2,484,484.87,0
2026-04-24T09:45:00.000Z,485.37,485.42,484,484.45,0
2026-04-24T09:50:00.000Z,484.5097,484.5097,483.5,483.72,0
2026-04-24T09:55:00.000Z,483.8,484.4988,483.5,483.85,0
2026-04-24T10:00:00.000Z,484.3,485.04,483.85,484.97,0
2026-04-24T10:05:00.000Z,485.03,485.38,484.36,485.2,0
2026-04-24T10:10:00.000Z,485.2,486.98,485,486.98,0
2026-04-24T10:15:00.000Z,486.98,487.55,486.36,487.55,0
2026-04-24T10:20:00.000Z,487.55,490,487.55,488.65,0
2026-04-24T10:25:00.000Z,488.5,490.1,487.98,489.97,0
2026-04-24T10:30:00.000Z,489.8,490,488.51,488.7588,0
2026-04-24T10:35:00.000Z,488.69,489.8,488.51,489,0
2026-04-24T10:40:00.000Z,489.3787,489.4,488.5,488.8,0
2026-04-24T10:45:00.000Z,488.73,488.9,488.5,488.56,0
2026-04-24T10:50:00.000Z,488.5,489,488.5,489,0
2026-04-24T10:55:00.000Z,488.61,489.24,488.5,488.69,0
2026-04-24T11:00:00.000Z,488.5,491.77,481.72,490.9609,0
2026-04-24T11:05:00.000Z,491.62,493.89,491.6,492.5,0
2026-04-24T11:10:00.000Z,492.61,493.7,492.3,493.06,0
2026-04-24T11:15:00.000Z,493,494.14,492.5,493.9,0
2026-04-24T11:20:00.000Z,493.8496,495,493.37,494.65,0
2026-04-24T11:25:00.000Z,494.65,495.98,494.2183,495.98,0
2026-04-24T11:30:00.000Z,496,496.88,495.05,496,0
2026-04-24T11:35:00.000Z,496.35,496.35,494.58,494.726,0
2026-04-24T11:40:00.000Z,494.8,495,493.61,494,0
2026-04-24T11:45:00.000Z,493.7,494.44,493.09,494.44,0
2026-04-24T11:50:00.000Z,494.44,494.98,494.15,494.18,0
2026-04-24T11:55:00.000Z,494.37,495,494.18,494.71,0
2026-04-24T12:00:00.000Z,494.5,495.7,494.45,494.51,0
2026-04-24T12:05:00.000Z,494.513,497.9,494.513,497.79,0
2026-04-24T12:10:00.000Z,497.8,499.18,497.6003,499.18,0
2026-04-24T12:15:00.000Z,499.15,499.3543,497.33,497.5,0
2026-04-24T12:20:00.000Z,497.78,498,496.41,497.9651,0
2026-04-24T12:25:00.000Z,497.86,498,495.58,495.6056,0
2026-04-24T12:30:00.000Z,495.7163,496.5,495.2,495.6803,0
2026-04-24T12:35:00.000Z,495.6345,496.1,495.25,495.978,0
2026-04-24T12:40:00.000Z,495.85,496.87,494.98,495.24,0
2026-04-24T12:45:00.000Z,495.15,496.25,494.45,494.8622,0
2026-04-24T12:50:00.000Z,494.45,495.4445,494.45,494.46,0
2026-04-24T12:55:00.000Z,494.5,495.5,494.46,494.7,0
2026-04-24T13:00:00.000Z,495,495.09,494.45,494.79,0
2026-04-24T13:05:00.000Z,494.7603,495.05,494.45,494.5607,0
2026-04-24T13:10:00.000Z,494.74,494.9,493.63,494.01,0
2026-04-24T13:15:00.000Z,494.01,495.11,494.01,494.4491,0
2026-04-24T13:20:00.000Z,494.31,495.55,494.25,494.3,0
2026-04-24T13:25:00.000Z,494.25,497.19,494.25,496.5,0
2026-04-24T13:30:00.000Z,496.1000061035156,506.989990234375,495.70001220703125,497.42498779296875,4648190
2026-04-24T13:35:00.000Z,497.29998779296875,500.4100036621094,494.3800048828125,499.9800109863281,1205602
2026-04-24T13:40:00.000Z,499.94000244140625,504.8999938964844,497.5199890136719,499.125,1187481
2026-04-24T13:45:00.000Z,499.1499938964844,499.5799865722656,494.5,496.0400085449219,796417
2026-04-24T13:50:00.000Z,496.1499938964844,497.010009765625,491.1099853515625,491.8550109863281,872214
2026-04-24T13:55:00.000Z,491.7099914550781,494.7300109863281,489.3599853515625,494.0249938964844,903521
2026-04-24T14:00:00.000Z,493.67999267578125,496.739990234375,493.1600036621094,494.0000915527344,650350
2026-04-24T14:05:00.000Z,494.409912109375,500.67498779296875,493.7449035644531,499.5600891113281,814306
2026-04-24T14:10:00.000Z,499.5600891113281,502.7900085449219,498.20001220703125,499.6099853515625,979452
2026-04-24T14:15:00.000Z,499.67498779296875,502.44989013671875,498.75,499.135009765625,628842
2026-04-24T14:20:00.000Z,499.0849914550781,499.6300048828125,496.17999267578125,498.54010009765625,481117
2026-04-24T14:25:00.000Z,498.94000244140625,501.9800109863281,498.3399963378906,501.9800109863281,496759
2026-04-24T14:30:00.000Z,501.9800109863281,502.4700012207031,498.80999755859375,500.04998779296875,459131
2026-04-24T14:35:00.000Z,499.9599914550781,502.6600036621094,499.6700134277344,502.14801025390625,394586
2026-04-24T14:40:00.000Z,502.0799865722656,504.4200134277344,501.57000732421875,504.14019775390625,613139
2026-04-24T14:45:00.000Z,504.3399963378906,504.5799865722656,502,504.4599914550781,504167
2026-04-24T14:50:00.000Z,504.4599914550781,505.39990234375,503.0299987792969,503.3299865722656,663219
2026-04-24T14:55:00.000Z,503.4599914550781,506.6600036621094,503.38079833984375,504.635009765625,583700
2026-04-24T15:00:00.000Z,504.70001220703125,504.8999938964844,502.75,503.6400146484375,372745
2026-04-24T15:05:00.000Z,503.5899963378906,503.79998779296875,501.7300109863281,501.9200134277344,362379
2026-04-24T15:10:00.000Z,501.8999938964844,503.7200012207031,501.37298583984375,502.6400146484375,334032
2026-04-24T15:15:00.000Z,502.6400146484375,502.8039855957031,501.0299987792969,501.1000061035156,309280
2026-04-24T15:20:00.000Z,501.25,502.260009765625,500.2799987792969,501.70001220703125,244448
2026-04-24T15:25:00.000Z,501.68499755859375,501.68499755859375,500.20001220703125,500.8659973144531,234728
2026-04-24T15:30:00.000Z,500.8500061035156,502.6000061035156,499.5,499.6098937988281,322327
2026-04-24T15:35:00.000Z,499.6700134277344,499.8900146484375,497.80010986328125,498.1600036621094,354160
2026-04-24T15:40:00.000Z,498.1600036621094,500.3699035644531,497.8999938964844,500,268377
2026-04-24T15:45:00.000Z,500.1099853515625,500.32000732421875,498.18328857421875,498.96990966796875,311156
2026-04-24T15:50:00.000Z,498.75,499.8399963378906,496.42999267578125,496.79998779296875,329786
2026-04-24T15:55:00.000Z,496.7099914550781,499,495.8301086425781,498.614990234375,369065
2026-04-24T16:00:00.000Z,498.635009765625,498.8699951171875,497.2699890136719,498.1199951171875,249712
2026-04-24T16:05:00.000Z,498.20989990234375,499.57000732421875,497.5003967285156,498.05999755859375,234664
2026-04-24T16:10:00.000Z,497.94500732421875,498.5,497,497.5963134765625,166733
2026-04-24T16:15:00.000Z,497.4849853515625,497.79998779296875,496.7379150390625,497.3500061035156,354052
2026-04-24T16:20:00.000Z,497.2900085449219,499.39990234375,497.2900085449219,499.29998779296875,175710
2026-04-24T16:25:00.000Z,499.2749938964844,499.59991455078125,498.0000915527344,498.4150085449219,197908
2026-04-24T16:30:00.000Z,498.7200012207031,499.3299865722656,498.3900146484375,499,159404
2026-04-24T16:35:00.000Z,499.0776062011719,500.43890380859375,498.80010986328125,498.8999938964844,252215
2026-04-24T16:40:00.000Z,499.0285949707031,499.0881042480469,496.8450012207031,497.63909912109375,201668
2026-04-24T16:45:00.000Z,497.8999938964844,498.20001220703125,497.1099853515625,497.2200012207031,382767
2026-04-24T16:50:00.000Z,497.2950134277344,498.9700012207031,497.2950134277344,498.1400146484375,143894
2026-04-24T16:55:00.000Z,498.3500061035156,498.8699951171875,498.0799865722656,498.7699890136719,93156
2026-04-24T17:00:00.000Z,498.6499938964844,498.9200134277344,497.7768859863281,498.18499755859375,133269
2026-04-24T17:05:00.000Z,498.29998779296875,498.4200134277344,496.6000061035156,496.9800109863281,128781
2026-04-24T17:10:00.000Z,496.95001220703125,497.4999084472656,496.2900085449219,496.6099853515625,203704
2026-04-24T17:15:00.000Z,496.7300109863281,496.79998779296875,495.17999267578125,496.5141906738281,236270
2026-04-24T17:20:00.000Z,496.5166015625,496.7049865722656,494.3349914550781,495.51568603515625,295747
2026-04-24T17:25:00.000Z,495.5849914550781,496.2799987792969,495,495.3800048828125,151242
2026-04-24T17:30:00.000Z,495.1499938964844,496.25,494.5799865722656,495.9588928222656,178668
2026-04-24T17:35:00.000Z,495.92999267578125,497.4399108886719,495.92449951171875,496.1300048828125,217788
2026-04-24T17:40:00.000Z,496.2200012207031,496.8699951171875,495.6499938964844,496.7850036621094,126975
2026-04-24T17:45:00.000Z,496.7300109863281,497.70001220703125,496.6000061035156,497.07000732421875,186382
2026-04-24T17:50:00.000Z,497.20001220703125,499.29998779296875,497.19000244140625,498.5430908203125,247980
2026-04-24T17:55:00.000Z,498.6050109863281,498.9999084472656,497.80999755859375,498.29998779296875,161612
2026-04-24T18:00:00.000Z,498.2900085449219,498.6593017578125,496.7200012207031,496.7300109863281,198550
2026-04-24T18:05:00.000Z,496.7300109863281,497.0498962402344,495.6000061035156,495.7449951171875,204552
2026-04-24T18:10:00.000Z,495.7699890136719,496.010009765625,494.4599914550781,495.1000061035156,233296
2026-04-24T18:15:00.000Z,495.1099853515625,495.19989013671875,493.2900085449219,493.739990234375,295650
2026-04-24T18:20:00.000Z,493.6700134277344,494.9798889160156,493.0223083496094,494.94989013671875,309822
2026-04-24T18:25:00.000Z,494.8550109863281,495.05999755859375,493.9599914550781,494.2049865722656,355889
2026-04-24T18:30:00.000Z,494.2049865722656,496.3924865722656,494.20001220703125,496.25,264850
2026-04-24T18:35:00.000Z,496.2809143066406,496.7099914550781,495.79998779296875,496.70001220703125,209491
2026-04-24T18:40:00.000Z,496.6549987792969,497.55999755859375,496.3999938964844,496.6499938964844,218574
2026-04-24T18:45:00.000Z,496.7499084472656,496.8598937988281,495.3586120605469,495.3800048828125,210144
2026-04-24T18:50:00.000Z,495.3500061035156,497.20001220703125,495.1600036621094,497.010009765625,195154
2026-04-24T18:55:00.000Z,497.0199890136719,497.5849914550781,496.65008544921875,497.3550109863281,263865
2026-04-24T19:00:00.000Z,497.3949890136719,498.30999755859375,497.3143005371094,497.7200012207031,310285
2026-04-24T19:05:00.000Z,497.55010986328125,498,496.3999938964844,497.04998779296875,238790
2026-04-24T19:10:00.000Z,497,497.68499755859375,496.32000732421875,497.3299865722656,179061
2026-04-24T19:15:00.000Z,497.2651062011719,497.9200134277344,497.0010070800781,497.6400146484375,180057
2026-04-24T19:20:00.000Z,497.4649963378906,497.6300048828125,496.6099853515625,496.8599853515625,140985
2026-04-24T19:25:00.000Z,496.9800109863281,497.1300048828125,496.510009765625,496.94500732421875,153720
2026-04-24T19:30:00.000Z,496.92999267578125,499.1499938964844,496.5000915527344,498.56500244140625,317508
2026-04-24T19:35:00.000Z,498.5150146484375,498.67999267578125,496.82000732421875,497.2699890136719,343389
2026-04-24T19:40:00.000Z,497.2001037597656,497.6000061035156,496.70001220703125,496.9599914550781,245523
2026-04-24T19:45:00.000Z,496.80999755859375,497.1300048828125,496.2099914550781,496.9800109863281,246816
2026-04-24T19:50:00.000Z,497,497.1400146484375,495.1000061035156,496.9999084472656,415709
2026-04-24T19:55:00.000Z,496.8699951171875,497.57000732421875,495.5199890136719,496,1144385
2026-04-24T20:00:00.000Z,496,496.72,494.53,495.1,0
2026-04-24T20:05:00.000Z,495,498.5047,494.6,498.5047,0
2026-04-24T20:10:00.000Z,494.72,496.72,494.41,494.79,0
2026-04-24T20:15:00.000Z,496.72,496.72,494.4733,494.9536,0
2026-04-24T20:20:00.000Z,494.82,496.72,494.64,494.77,0
2026-04-24T20:25:00.000Z,494.77,496.72,494.6,494.74,0
2026-04-24T20:30:00.000Z,494.63,495.1,494.63,495.017,0
2026-04-24T20:35:00.000Z,495.02,495.3,495,495.0001,0
2026-04-24T20:40:00.000Z,495.01,496.72,495,495.3,0
2026-04-24T20:45:00.000Z,495.21,495.55,495.1,495.33,0
2026-04-24T20:50:00.000Z,495.31,496.25,495.3,496.13,0
2026-04-24T20:55:00.000Z,496.11,496.43,495.7192,495.7192,0
2026-04-24T21:00:00.000Z,496,496,495.4,495.76,0
2026-04-24T21:05:00.000Z,495.79,496,495.32,495.3499,0
2026-04-24T21:10:00.000Z,495.35,495.98,495.1,495.92,0
2026-04-24T21:15:00.000Z,495.65,496.72,495.35,495.52,0
2026-04-24T21:20:00.000Z,495.76,495.9,495.35,495.8,0
2026-04-24T21:25:00.000Z,495.88,496,495.35,495.45,0
2026-04-24T21:30:00.000Z,495.5209,495.8219,495.35,495.51,0
2026-04-24T21:35:00.000Z,495.6,496.72,495.1,495.4,0
2026-04-24T21:40:00.000Z,495.31,495.55,495.19,495.42,0
2026-04-24T21:45:00.000Z,495.35,495.49,495.3,495.3703,0
2026-04-24T21:50:00.000Z,495.39,495.4,494.66,494.82,0
2026-04-24T21:55:00.000Z,494.82,495.38,494.65,495.019,0
2026-04-24T22:00:00.000Z,495.01,495.18,494.6501,494.73,0
2026-04-24T22:05:00.000Z,494.6955,495.18,494.6955,495.18,0
2026-04-24T22:10:00.000Z,495,495,494.85,494.99,0
2026-04-24T22:15:00.000Z,494.98,495.01,494.756,494.756,0
2026-04-24T22:20:00.000Z,494.78,494.8,494.45,494.59,0
2026-04-24T22:25:00.000Z,494.62,494.95,494.6,494.6,0
2026-04-24T22:30:00.000Z,494.65,494.7,494.6,494.6998,0
2026-04-24T22:35:00.000Z,494.7,494.7,494.5,494.58,0
2026-04-24T22:40:00.000Z,494.58,494.7,494.3,494.44,0
2026-04-24T22:45:00.000Z,494.44,494.57,494.3,494.5,0
2026-04-24T22:50:00.000Z,494.42,494.49,494.3,494.4,0
2026-04-24T22:55:00.000Z,494.36,494.59,494.3,494.59,0
2026-04-24T23:00:00.000Z,494.4,494.6,494.4,494.57,0
2026-04-24T23:05:00.000Z,494.5891,494.7,494.46,494.6999,0
2026-04-24T23:10:00.000Z,494.7,494.7,494.526,494.58,0
2026-04-24T23:15:00.000Z,494.7,494.7,494.505,494.57,0
2026-04-24T23:20:00.000Z,494.674,494.7,494.526,494.6,0
2026-04-24T23:25:00.000Z,494.6,495.01,494.6,494.92,0
2026-04-24T23:30:00.000Z,494.98,494.98,494.5,494.6222,0
2026-04-24T23:35:00.000Z,494.72,494.86,494.65,494.83,0
2026-04-24T23:40:00.000Z,494.82,495.04,494.8,495,0
2026-04-24T23:45:00.000Z,494.8,495.54,494.8,495.3,0
2026-04-24T23:50:00.000Z,495.3,495.55,494.88,495.09,0
2026-04-24T23:55:00.000Z,495.09,495.09,494.27,494.3649,0
2026-04-27T08:00:00.000Z,502.54,508.8542,501,502.4,0
2026-04-27T08:05:00.000Z,502.22,502.6,500.8,500.8,0
2026-04-27T08:10:00.000Z,500.86,508.74,500.5,500.5,0
2026-04-27T08:15:00.000Z,500.9,502.84,500.3,501.97,0
2026-04-27T08:20:00.000Z,501.94,502.2611,501,501.69,0
2026-04-27T08:25:00.000Z,501.53,502.3,501.53,501.92,0
2026-04-27T08:30:00.000Z,502.28,502.8,501.53,502.8,0
2026-04-27T08:35:00.000Z,502.84,504.66,502.84,504.2,0
2026-04-27T08:40:00.000Z,504.12,504.8,503.74,504.55,0
2026-04-27T08:45:00.000Z,504.42,505.8,504.4,505.7,0
2026-04-27T08:50:00.000Z,505.63,505.9,505.25,505.76,0
2026-04-27T08:55:00.000Z,505.76,505.8687,505.315,505.4,0
2026-04-27T09:00:00.000Z,505.45,506.1456,505.3,506.1456,0
2026-04-27T09:05:00.000Z,506.18,507.4645,505.8977,507.193,0
2026-04-27T09:10:00.000Z,507,507,506.31,506.4,0
2026-04-27T09:15:00.000Z,506.62,507,506.13,506.6,0
2026-04-27T09:20:00.000Z,506.6,507.3,506.2,506.68,0
2026-04-27T09:25:00.000Z,506.7,507.18,506.48,506.8,0
2026-04-27T09:30:00.000Z,506.83,507.1,506.13,506.88,0
2026-04-27T09:35:00.000Z,506.91,507,505.67,505.95,0
2026-04-27T09:40:00.000Z,505.75,505.98,505.4,505.88,0
2026-04-27T09:45:00.000Z,505.95,506.55,505.5,506.55,0
2026-04-27T09:50:00.000Z,506.49,506.5,505.9125,506.44,0
2026-04-27T09:55:00.000Z,506.49,507,505.9469,506.77,0
2026-04-27T10:00:00.000Z,506.7,506.94,505.56,505.8,0
2026-04-27T10:05:00.000Z,505.5314,506.6,505.42,505.9,0
2026-04-27T10:10:00.000Z,506.79,507.2988,506.45,506.98,0
2026-04-27T10:15:00.000Z,506.98,507.47,506.81,507.0927,0
2026-04-27T10:20:00.000Z,507.16,507.47,506.93,507.18,0
2026-04-27T10:25:00.000Z,507,507.39,506.81,507.1,0
2026-04-27T10:30:00.000Z,507.02,507.37,506.7,507.17,0
2026-04-27T10:35:00.000Z,507.02,507.79,506.99,507.7,0
2026-04-27T10:40:00.000Z,507.7,508.86,507.7,508.86,0
2026-04-27T10:45:00.000Z,508.77,509.2,508.64,508.64,0
2026-04-27T10:50:00.000Z,508.4,508.83,508.26,508.55,0
2026-04-27T10:55:00.000Z,508.75,508.83,508.01,508.02,0
2026-04-27T11:00:00.000Z,508.02,510.7,496.72,510.6,0
2026-04-27T11:05:00.000Z,510.75,511.6,510.6,511.42,0
2026-04-27T11:10:00.000Z,511.41,513.5,510.8454,513.45,0
2026-04-27T11:15:00.000Z,513.35,515.0005,512.99,515,0
2026-04-27T11:20:00.000Z,515.0095,515.74,514.4,514.75,0
2026-04-27T11:25:00.000Z,514.75,515.5,514.5,515.1981,0
2026-04-27T11:30:00.000Z,515.1504,516.2,514.6,515,0
2026-04-27T11:35:00.000Z,515.1332,515.6,514.5,515.1,0
2026-04-27T11:40:00.000Z,515.0411,515.3889,514.01,514.1,0
2026-04-27T11:45:00.000Z,514.44,515.5675,513.67,515.1507,0
2026-04-27T11:50:00.000Z,515.1507,515.78,514.48,514.545,0
2026-04-27T11:55:00.000Z,514.53,515,513.75,514.25,0
2026-04-27T12:00:00.000Z,514.15,514.55,497.961,513.11,0
2026-04-27T12:05:00.000Z,513.11,513.14,512.4997,512.744,0
2026-04-27T12:10:00.000Z,512.516,513.88,512.5,513,0
2026-04-27T12:15:00.000Z,513.0515,513.52,512.51,512.51,0
2026-04-27T12:20:00.000Z,512.51,512.65,511.16,511.2898,0
2026-04-27T12:25:00.000Z,511.254,511.69,509.75,511.27,0
2026-04-27T12:30:00.000Z,511.68,512.01,510.5,511.49,0
2026-04-27T12:35:00.000Z,511.5,511.7,509.1976,509.5,0
2026-04-27T12:40:00.000Z,509.7,511.8,509.3596,511.46,0
2026-04-27T12:45:00.000Z,511.55,512.95,510.5,512.13,0
2026-04-27T12:50:00.000Z,512.1619,513.11,511.8,512.9999,0
2026-04-27T12:55:00.000Z,513,513.4,511.75,511.75,0
2026-04-27T13:00:00.000Z,511.71,512,509.97,510.62,0
2026-04-27T13:05:00.000Z,510.25,512.03,509.762,511.8455,0
2026-04-27T13:10:00.000Z,511.9,513.77,511.6485,512.62,0
2026-04-27T13:15:00.000Z,512.66,513.5,512.51,512.61,0
2026-04-27T13:20:00.000Z,512.8,514.76,512.47,513.82,0
2026-04-27T13:25:00.000Z,513.82,514.2,510.2,510.54,0
2026-04-27T13:30:00.000Z,510.55999755859375,521.75,510.01849365234375,521.52001953125,4586188
2026-04-27T13:35:00.000Z,521.3900146484375,528.510009765625,519.1600952148438,522.4000244140625,1730253
2026-04-27T13:40:00.000Z,522.4000244140625,526.9899291992188,518.47998046875,523.7150268554688,1591324
2026-04-27T13:45:00.000Z,523.7150268554688,523.9998779296875,516.5701293945312,520.364990234375,1365276
2026-04-27T13:50:00.000Z,520.6400146484375,520.889892578125,514.75,520.510009765625,1042668
2026-04-27T13:55:00.000Z,520.5499877929688,529.719970703125,520.3200073242188,527.2899780273438,1225962
2026-04-27T14:00:00.000Z,527.3099975585938,527.7000122070312,522.3800048828125,523.3054809570312,814128
2026-04-27T14:05:00.000Z,523.16748046875,525.0999145507812,521,521.405029296875,575243
2026-04-27T14:10:00.000Z,521.2899780273438,524.989990234375,518.6300048828125,524.6400146484375,838996
2026-04-27T14:15:00.000Z,524.4600219726562,524.7899780273438,520.3200073242188,522.0700073242188,443239
2026-04-27T14:20:00.000Z,522.0900268554688,523.0999145507812,520.239990234375,520.6099853515625,368280
2026-04-27T14:25:00.000Z,520.5399780273438,521.3309936523438,517.1500244140625,517.405029296875,516202
2026-04-27T14:30:00.000Z,517.239990234375,517.7789916992188,513.3101196289062,517.4550170898438,837990
2026-04-27T14:35:00.000Z,517.4600219726562,520.280029296875,517.0401000976562,518.60498046875,608338
2026-04-27T14:40:00.000Z,518.5150146484375,520.5499877929688,517.2301025390625,518.125,481814
2026-04-27T14:45:00.000Z,518.1300048828125,518.8489990234375,515.340087890625,518.6099853515625,345931
2026-04-27T14:50:00.000Z,518.5349731445312,521.9899291992188,516.489990234375,517.7999877929688,511629
2026-04-27T14:55:00.000Z,517.719970703125,520.6497802734375,517.090087890625,519.4301147460938,364961
2026-04-27T15:00:00.000Z,519.655029296875,520.9600219726562,518.5999755859375,519.2999877929688,384954
2026-04-27T15:05:00.000Z,519.2000122070312,522.989990234375,518.5960083007812,521.905029296875,541458
2026-04-27T15:10:00.000Z,521.8101196289062,523.2199096679688,520.2000732421875,520.8599853515625,384906
2026-04-27T15:15:00.000Z,520.8740234375,522.4400024414062,520.5599975585938,520.7999877929688,283666
2026-04-27T15:20:00.000Z,520.969970703125,521.3499755859375,518.8400268554688,519.5625,338052
2026-04-27T15:25:00.000Z,519.510009765625,521.3400268554688,519.5,521.0750122070312,284895
2026-04-27T15:30:00.000Z,521.030029296875,525.4600219726562,520.8201293945312,524.7050170898438,745954
2026-04-27T15:35:00.000Z,524.6749877929688,525.7999877929688,523.719970703125,525.6951293945312,476260
2026-04-27T15:40:00.000Z,525.6950073242188,528.5,525.2999877929688,528.4896850585938,675429
2026-04-27T15:45:00.000Z,528.4525146484375,531.3298950195312,527.7000122070312,529.3201293945312,1134167
2026-04-27T15:50:00.000Z,529.3485717773438,531.3599853515625,528.5399780273438,528.9600219726562,672196
2026-04-27T15:55:00.000Z,528.969970703125,530.030029296875,527.7000732421875,529.2000122070312,456547
2026-04-27T16:00:00.000Z,529.2899780273438,529.5900268554688,525.3099975585938,526.27001953125,445280
2026-04-27T16:05:00.000Z,526.2949829101562,527.1199951171875,525.3400268554688,525.4301147460938,372018
2026-04-27T16:10:00.000Z,525.5549926757812,526.22998046875,524.2999877929688,524.4000244140625,311065
2026-04-27T16:15:00.000Z,524.5698852539062,525.6799926757812,524.2800903320312,524.4500122070312,244934
2026-04-27T16:20:00.000Z,524.4650268554688,525.0399780273438,523.2999877929688,523.4000244140625,304843
2026-04-27T16:25:00.000Z,523.4000244140625,523.7999877929688,522.0499877929688,522.3800048828125,262017
2026-04-27T16:30:00.000Z,522.4600219726562,523.5999755859375,522,522.8400268554688,311654
2026-04-27T16:35:00.000Z,522.864990234375,523.5399169921875,521.3499755859375,521.760009765625,286347
2026-04-27T16:40:00.000Z,521.726806640625,522.4000244140625,521.2899780273438,521.6749877929688,207235
2026-04-27T16:45:00.000Z,521.739990234375,522.96337890625,521.5499877929688,522.0067138671875,303083
2026-04-27T16:50:00.000Z,522,522.3499755859375,520.5300903320312,520.7000122070312,237284
2026-04-27T16:55:00.000Z,520.6950073242188,520.8599853515625,519.030029296875,519.8699951171875,391285
2026-04-27T17:00:00.000Z,519.875,521.2999877929688,519.875,520.77001953125,214817
2026-04-27T17:05:00.000Z,520.5399780273438,521.52001953125,520.239990234375,521.280029296875,193214
2026-04-27T17:10:00.000Z,521.3599853515625,522.2999877929688,520.9450073242188,521.9432983398438,241209
2026-04-27T17:15:00.000Z,522,522,519,519.4451293945312,295879
2026-04-27T17:20:00.000Z,519.4450073242188,520.0399780273438,518.340087890625,519.85498046875,247911
2026-04-27T17:25:00.000Z,519.85498046875,520.5,519.280029296875,520,270430
2026-04-27T17:30:00.000Z,519.7999877929688,521.4899291992188,519.7999877929688,520.780029296875,195606
2026-04-27T17:35:00.000Z,520.8099975585938,521.39990234375,520,520.8101196289062,175874
2026-04-27T17:40:00.000Z,520.905029296875,522.4899291992188,520.564697265625,522.4099731445312,275045
2026-04-27T17:45:00.000Z,522.469970703125,522.9617919921875,521.60009765625,522.3250122070312,225477
2026-04-27T17:50:00.000Z,522.1599731445312,522.3400268554688,519.2901000976562,519.2901000976562,232691
2026-04-27T17:55:00.000Z,519.6300048828125,519.8861083984375,518.239990234375,518.9451293945312,245537
2026-04-27T18:00:00.000Z,518.927490234375,518.9298706054688,517.5999755859375,518.7899780273438,337996
2026-04-27T18:05:00.000Z,518.9398803710938,520.2899780273438,518.510009765625,520.1900024414062,240523
2026-04-27T18:10:00.000Z,520.2000122070312,520.2000122070312,518.090087890625,518.1849975585938,186022
2026-04-27T18:15:00.000Z,518.135009765625,518.469970703125,517.3800048828125,517.8300170898438,175555
2026-04-27T18:20:00.000Z,517.72998046875,518.75,517.2999877929688,518.635009765625,188289
2026-04-27T18:25:00.000Z,518.52001953125,518.52001953125,517.6201171875,518.4498901367188,141590
2026-04-27T18:30:00.000Z,518.4199829101562,519.169921875,518.2800903320312,518.510009765625,127383
2026-04-27T18:35:00.000Z,518.5250244140625,519.369873046875,518.330078125,518.47998046875,159648
2026-04-27T18:40:00.000Z,518.4299926757812,518.489013671875,516.25,516.8261108398438,285849
2026-04-27T18:45:00.000Z,516.9149780273438,517.239990234375,516.25,517.02001953125,175214
2026-04-27T18:50:00.000Z,517.0283203125,517.8599243164062,516.2999877929688,516.9600219726562,207034
2026-04-27T18:55:00.000Z,517.0900268554688,519.6400146484375,517.0900268554688,519.0150146484375,367864
2026-04-27T19:00:00.000Z,518.9000244140625,519.969970703125,518.5999755859375,519.1500244140625,263129
2026-04-27T19:05:00.000Z,519.2349853515625,521,518.7000732421875,520.5800170898438,373263
2026-04-27T19:10:00.000Z,520.6749877929688,521.3599853515625,519.60009765625,521.2949829101562,248321
2026-04-27T19:15:00.000Z,521.2000732421875,521.3699951171875,520.0900268554688,521.22998046875,186021
2026-04-27T19:20:00.000Z,521.3400268554688,522.0800170898438,519.760009765625,519.8499755859375,356215
2026-04-27T19:25:00.000Z,520.1400146484375,520.280029296875,518.719970703125,518.719970703125,223754
2026-04-27T19:30:00.000Z,518.7650146484375,520.8400268554688,518.7100219726562,519.9600219726562,248697
2026-04-27T19:35:00.000Z,519.9298706054688,520.47998046875,519.4000244140625,520.2849731445312,175615
2026-04-27T19:40:00.000Z,520.2849731445312,520.5374145507812,518.6099853515625,519.2899780273438,210463
2026-04-27T19:45:00.000Z,519.3699951171875,522.3099975585938,519.3699951171875,522.094970703125,438202
2026-04-27T19:50:00.000Z,522.25,524.1900024414062,521.8900146484375,523.0650024414062,668565
2026-04-27T19:55:00.000Z,522.8900146484375,524.7999877929688,522.010009765625,524.7000122070312,1117049
2026-04-27T20:00:00.000Z,524.71,524.85,523,523.5079,0
2026-04-27T20:05:00.000Z,523.5,524.8,523.5,523.92,0
2026-04-27T20:10:00.000Z,523.92,524.56,523.7006,523.77,0
2026-04-27T20:15:00.000Z,524.3094,524.56,522.2,522.5455,0
2026-04-27T20:20:00.000Z,524.56,524.56,521.1781,522.1472,0
2026-04-27T20:25:00.000Z,522.435,523.68,522.01,523.6,0
2026-04-27T20:30:00.000Z,523.6201,523.6201,523.01,523.22,0
2026-04-27T20:35:00.000Z,523.38,523.6,523,523.2,0
2026-04-27T20:40:00.000Z,523.4,524.56,522.97,523.68,0
2026-04-27T20:45:00.000Z,523.68,523.89,522.57,523.1,0
2026-04-27T20:50:00.000Z,522.96,523.4,522.57,522.99,0
2026-04-27T20:55:00.000Z,522.81,523,522.24,522.9,0
2026-04-27T21:00:00.000Z,522.85,523.22,522.691,522.83,0
2026-04-27T21:05:00.000Z,522.8,523.4,522.6,523.26,0
2026-04-27T21:10:00.000Z,523.26,523.3,522.9,523.1,0
2026-04-27T21:15:00.000Z,523.04,523.28,522.93,523.28,0
2026-04-27T21:20:00.000Z,523.29,523.51,523.039,523.49,0
2026-04-27T21:25:00.000Z,523.5,523.6,523.2,523.4888,0
2026-04-27T21:30:00.000Z,523.39,523.49,523.3,523.478,0
2026-04-27T21:35:00.000Z,523.4,523.49,523.01,523.3,0
2026-04-27T21:40:00.000Z,523.0494,523.3,522.9,522.9852,0
2026-04-27T21:45:00.000Z,522.85,523.2,522.5,523.09,0
2026-04-27T21:50:00.000Z,523.1,523.5,523,523.3,0
2026-04-27T21:55:00.000Z,523.48,523.5,523.18,523.18,0
2026-04-27T22:00:00.000Z,523.02,523.88,523.02,523.46,0
2026-04-27T22:05:00.000Z,523.46,524.6,523.25,524.3575,0
2026-04-27T22:10:00.000Z,524.55,524.79,524.23,524.79,0
2026-04-27T22:15:00.000Z,524.79,525.88,524.74,525.71,0
2026-04-27T22:20:00.000Z,525.71,525.75,525.12,525.66,0
2026-04-27T22:25:00.000Z,525.65,525.65,525.12,525.4783,0
2026-04-27T22:30:00.000Z,525.45,525.98,525.4,525.98,0
2026-04-27T22:35:00.000Z,525.97,526,525.7,525.887,0
2026-04-27T22:40:00.000Z,525.8985,525.92,525.7,525.87,0
2026-04-27T22:45:00.000Z,525.87,525.91,525.7,525.71,0
2026-04-27T22:50:00.000Z,525.71,525.87,525.35,525.5,0
2026-04-27T22:55:00.000Z,525.45,525.8,525.4,525.75,0
2026-04-27T23:00:00.000Z,525.6404,526,525.4,525.55,0
2026-04-27T23:05:00.000Z,525.75,525.87,525.35,525.72,0
2026-04-27T23:10:00.000Z,525.36,525.72,525.35,525.6174,0
2026-04-27T23:15:00.000Z,525.5781,525.7,525,525.35,0
2026-04-27T23:20:00.000Z,525.35,525.6,525,525.31,0
2026-04-27T23:25:00.000Z,525.43,525.7,525.3,525.5,0
2026-04-27T23:30:00.000Z,525.59,525.6,525.0767,525.48,0
2026-04-27T23:35:00.000Z,525.3412,525.9,525.3412,525.9,0
2026-04-27T23:40:00.000Z,525.9,527,525.89,526.5,0
2026-04-27T23:45:00.000Z,526.6959,526.7,526,526.2,0
2026-04-27T23:50:00.000Z,526.275,526.4,526,526.33,0
2026-04-27T23:55:00.000Z,526.33,526.5584,526,526.21,0
2026-04-28T08:00:00.000Z,519.5562,524.5,516.5,517.5,0
2026-04-28T08:05:00.000Z,517.46,524.49,515.7,516.98,0
2026-04-28T08:10:00.000Z,519.43,524.49,516.07,516.67,0
2026-04-28T08:15:00.000Z,516.86,517,514.82,515.73,0
2026-04-28T08:20:00.000Z,515.37,516.3,514.7759,515.0752,0
2026-04-28T08:25:00.000Z,514.9892,515.53,514.8,515.47,0
2026-04-28T08:30:00.000Z,515.35,516.9432,515.03,515.03,0
2026-04-28T08:35:00.000Z,515.68,516.96,515.3969,516.96,0
2026-04-28T08:40:00.000Z,516.99,517,516,517,0
2026-04-28T08:45:00.000Z,516.5,516.8,515.61,515.93,0
2026-04-28T08:50:00.000Z,515.71,516.16,515.61,515.9997,0
2026-04-28T08:55:00.000Z,516,516.7521,515.65,516.69,0
2026-04-28T09:00:00.000Z,516.58,516.6,515.41,515.6,0
2026-04-28T09:05:00.000Z,515.28,515.4,513.98,513.98,0
2026-04-28T09:10:00.000Z,514.08,514.52,513,513.58,0
2026-04-28T09:15:00.000Z,513.8,514,512.6,513.1,0
2026-04-28T09:20:00.000Z,513.08,514.7,512.69,513.24,0
2026-04-28T09:25:00.000Z,513.24,513.44,511.4,512.03,0
2026-04-28T09:30:00.000Z,511.5,512.2815,510.04,510.04,0
2026-04-28T09:35:00.000Z,510.1,511.1,508,508.21,0
2026-04-28T09:40:00.000Z,508.39,511.46,508.11,508.5,0
2026-04-28T09:45:00.000Z,508.67,509,507.15,509,0
2026-04-28T09:50:00.000Z,508,510.78,507.5,510.46,0
2026-04-28T09:55:00.000Z,510.5,511,509.4,509.95,0
2026-04-28T10:00:00.000Z,510,511,509.2,510.59,0
2026-04-28T10:05:00.000Z,510.89,513.5337,510.26,513,0
2026-04-28T10:10:00.000Z,513,514.62,511.73,512.73,0
2026-04-28T10:15:00.000Z,512.15,513.9988,511,512.54,0
2026-04-28T10:20:00.000Z,511.99,512.99,511,511.0594,0
2026-04-28T10:25:00.000Z,511.05,512.4,511,511.8841,0
2026-04-28T10:30:00.000Z,511.54,512,510.49,510.9101,0
2026-04-28T10:35:00.000Z,510.92,511.7109,510.5,511,0
2026-04-28T10:40:00.000Z,511,513,511,511.75,0
2026-04-28T10:45:00.000Z,512.5,512.5,510.2,510.77,0
2026-04-28T10:50:00.000Z,510.77,512.49,510.5,512,0
2026-04-28T10:55:00.000Z,511.3248,513,510.4,512.75,0
2026-04-28T11:00:00.000Z,512.75,524.56,510.8,510.88,0
2026-04-28T11:05:00.000Z,510.8,511,508.5,508.5107,0
2026-04-28T11:10:00.000Z,508.5,509.7,508,508.6,0
2026-04-28T11:15:00.000Z,508.67,509.9,508.25,509.161,0
2026-04-28T11:20:00.000Z,509.2,509.2,507.07,507.49,0
2026-04-28T11:25:00.000Z,507.4,507.8,505.57,506.99,0
2026-04-28T11:30:00.000Z,506.82,506.922,505.2,506.1382,0
2026-04-28T11:35:00.000Z,506.01,506.5,502.5,503.89,0
2026-04-28T11:40:00.000Z,503.552,505.61,503.5,505.6,0
2026-04-28T11:45:00.000Z,505.6442,506.5,503.9948,504.33,0
2026-04-28T11:50:00.000Z,504.1,505.5,502.57,504.02,0
2026-04-28T11:55:00.000Z,504,504.8193,501.6,502.54,0
2026-04-28T12:00:00.000Z,502.67,504,502,503.42,0
2026-04-28T12:05:00.000Z,503.31,504.89,502.5,503.86,0
2026-04-28T12:10:00.000Z,503.6,504.5,502.16,504.4,0
2026-04-28T12:15:00.000Z,504.4,504.88,502.36,502.5,0
2026-04-28T12:20:00.000Z,502.5,504.3,502.25,502.47,0
2026-04-28T12:25:00.000Z,502.5,503,502.3,502.65,0
2026-04-28T12:30:00.000Z,502.46,503.5,502.31,503.35,0
2026-04-28T12:35:00.000Z,503.21,505.91,503.08,505.91,0
2026-04-28T12:40:00.000Z,505.5,507,504.5,505,0
2026-04-28T12:45:00.000Z,504.5797,506.62,504.5,505.49,0
2026-04-28T12:50:00.000Z,505.59,507.45,505.22,506.99,0
2026-04-28T12:55:00.000Z,506.6072,507,505.97,506.72,0
2026-04-28T13:00:00.000Z,506.73,506.95,505.1,505.8,0
2026-04-28T13:05:00.000Z,505.85,506,503,503.75,0
2026-04-28T13:10:00.000Z,503.99,504.03,502.35,502.35,0
2026-04-28T13:15:00.000Z,502.76,504.4,502,504.25,0
2026-04-28T13:20:00.000Z,504.11,506.36,503.5793,506,0
2026-04-28T13:25:00.000Z,506.23,506.88,502.6,503.96,0
2026-04-28T13:30:00.000Z,503.989990234375,509.3299865722656,497,508.28900146484375,4410916
2026-04-28T13:35:00.000Z,508.260009765625,513.72998046875,508.260009765625,512.9099731445312,1335075
2026-04-28T13:40:00.000Z,512.5900268554688,518.8333129882812,512.0399780273438,516.1599731445312,1321832
2026-04-28T13:45:00.000Z,516.1226196289062,517.5399780273438,514.0499877929688,514.1950073242188,890994
2026-04-28T13:50:00.000Z,514.02001953125,515.3099975585938,510.29998779296875,511.29998779296875,729459
2026-04-28T13:55:00.000Z,511.3599853515625,513.5599975585938,508.4200134277344,512.989990234375,833644
2026-04-28T14:00:00.000Z,512.8800048828125,513,507.6099853515625,508.1317138671875,682517
2026-04-28T14:05:00.000Z,508.3399963378906,510.0398864746094,505.5,506.3299865722656,838698
2026-04-28T14:10:00.000Z,506.5,508.8599853515625,506.30010986328125,507.60009765625,655629
2026-04-28T14:15:00.000Z,507.60009765625,508.7898864746094,504.3301086425781,506.49560546875,669371
2026-04-28T14:20:00.000Z,506.760009765625,507.2200012207031,504.8999938964844,505.3630065917969,522550
2026-04-28T14:25:00.000Z,505.3599853515625,505.7298889160156,499.6700134277344,501.95001220703125,1157437
2026-04-28T14:30:00.000Z,501.96820068359375,502.70989990234375,498.110107421875,499.69000244140625,762197
2026-04-28T14:35:00.000Z,499.6650085449219,500,494.2300109863281,496.135009765625,1336893
2026-04-28T14:40:00.000Z,496.0400085449219,497.6600036621094,493.1199951171875,497.32000732421875,946457
2026-04-28T14:45:00.000Z,497.3299865722656,498.34991455078125,492.6099853515625,492.9898986816406,734674
2026-04-28T14:50:00.000Z,492.7699890136719,492.7947998046875,488.2384033203125,490.3900146484375,1574933
2026-04-28T14:55:00.000Z,490.29998779296875,494.9299011230469,490.1600036621094,494.9175109863281,811314
2026-04-28T15:00:00.000Z,494.760009765625,495.7998962402344,492.6099853515625,493.0701904296875,656977
2026-04-28T15:05:00.000Z,493.31500244140625,493.4898986816406,490.1199951171875,492.8136901855469,477160
2026-04-28T15:10:00.000Z,492.9299011230469,497.2099914550781,492.5201110839844,497,609954
2026-04-28T15:15:00.000Z,497.065185546875,498.79998779296875,496.25,498.6400146484375,513912
2026-04-28T15:20:00.000Z,498.739990234375,498.9198913574219,495.090087890625,495.2900085449219,431270
2026-04-28T15:25:00.000Z,495.2550048828125,495.67999267578125,493.65008544921875,495.16650390625,372799
2026-04-28T15:30:00.000Z,495.0400085449219,495.4700012207031,492.1000061035156,493.8949890136719,346067
2026-04-28T15:35:00.000Z,493.6700134277344,495.3099060058594,492.7601013183594,494.3500061035156,298638
2026-04-28T15:40:00.000Z,494.5199890136719,494.82989501953125,493.2500915527344,493.94500732421875,200756
2026-04-28T15:45:00.000Z,493.93499755859375,494.4700012207031,492.2200012207031,493.1900939941406,238899
2026-04-28T15:50:00.000Z,493.19000244140625,495.21990966796875,493,494.1401062011719,253653
2026-04-28T15:55:00.000Z,494.1400146484375,496.5,493.8999938964844,494.8399963378906,278533
2026-04-28T16:00:00.000Z,494.7449951171875,495.7099914550781,493.90008544921875,495.17999267578125,199053
2026-04-28T16:05:00.000Z,495.32000732421875,497.25,495.17999267578125,496,303142
2026-04-28T16:10:00.000Z,495.8999938964844,496.1300048828125,494.2200012207031,494.7099914550781,258706
2026-04-28T16:15:00.000Z,494.8599853515625,494.9399108886719,493.75,494.3800048828125,200482
2026-04-28T16:20:00.000Z,494.6000061035156,495.0299987792969,493.74920654296875,494.1111145019531,172195
2026-04-28T16:25:00.000Z,494.20001220703125,495.3599853515625,493.8200988769531,494.2099914550781,164529
2026-04-28T16:30:00.000Z,494.2099914550781,494.3599853515625,490.55010986328125,490.739990234375,467179
2026-04-28T16:35:00.000Z,490.7699890136719,492.3599853515625,490.510009765625,491.4549865722656,288192
2026-04-28T16:40:00.000Z,491.3299865722656,492.5,491.3299865722656,492.2799987792969,197293
2026-04-28T16:45:00.000Z,492.5400085449219,493.7799072265625,492.32501220703125,493.5700988769531,215531
2026-04-28T16:50:00.000Z,493.6099853515625,497.25,492.7300109863281,496.989990234375,415121
2026-04-28T16:55:00.000Z,497.0799865722656,497.2499084472656,496.31170654296875,496.8999938964844,288966
2026-04-28T17:00:00.000Z,496.9049987792969,498.0400085449219,495.8116149902344,496.25,352968
2026-04-28T17:05:00.000Z,496.17999267578125,496.8399963378906,495.6200866699219,496.7349853515625,186460
2026-04-28T17:10:00.000Z,496.7349853515625,497.8500061035156,496,496.8349914550781,218862
2026-04-28T17:15:00.000Z,496.9142150878906,497.3900146484375,496.05010986328125,496.510009765625,170810
2026-04-28T17:20:00.000Z,496.6000061035156,497.92999267578125,496.17999267578125,497.7550048828125,172158
2026-04-28T17:25:00.000Z,497.760009765625,499.6990966796875,497.3699951171875,499.44000244140625,1604985
2026-04-28T17:30:00.000Z,499.360107421875,501.4100036621094,499.360107421875,501.4100036621094,483932
2026-04-28T17:35:00.000Z,501.3680114746094,503.5299987792969,501.3680114746094,502.92999267578125,537934
2026-04-28T17:40:00.000Z,503.1000061035156,504.45001220703125,502.60009765625,504.0199890136719,384665
2026-04-28T17:45:00.000Z,503.90771484375,504.7499084472656,503.5000915527344,503.7650146484375,299413
2026-04-28T17:50:00.000Z,503.8500061035156,505.96990966796875,503.32000732421875,505.02459716796875,402558
2026-04-28T17:55:00.000Z,505.07501220703125,506.2900085449219,505.04998779296875,506.20001220703125,267943
2026-04-28T18:00:00.000Z,506.0899963378906,506.9700012207031,504.6099853515625,504.9100036621094,363013
2026-04-28T18:05:00.000Z,504.8999938964844,506.1000061035156,504.4100036621094,505.92498779296875,234341
2026-04-28T18:10:00.000Z,505.85009765625,506.8299865722656,505.2550048828125,506.8299865722656,221327
2026-04-28T18:15:00.000Z,506.889404296875,507.9729919433594,506.2401123046875,507.8598937988281,299901
2026-04-28T18:20:00.000Z,507.79998779296875,509.2835998535156,507.739990234375,509.1449890136719,337992
2026-04-28T18:25:00.000Z,509.21710205078125,509.56988525390625,508.60009765625,509.32000732421875,264488
2026-04-28T18:30:00.000Z,509.3800048828125,509.6400146484375,506.760009765625,507.80999755859375,377727
2026-04-28T18:35:00.000Z,507.7300109863281,508,507.1300048828125,507.54998779296875,169470
2026-04-28T18:40:00.000Z,507.69000244140625,508.9289855957031,507.3500061035156,508.79998779296875,238932
2026-04-28T18:45:00.000Z,508.6700134277344,509.0199890136719,507.6401062011719,508.1549987792969,197923
2026-04-28T18:50:00.000Z,508.04998779296875,508.5,507.3031921386719,508.3900146484375,166110
2026-04-28T18:55:00.000Z,508.42498779296875,508.42498779296875,507.4700927734375,508,180720
2026-04-28T19:00:00.000Z,507.9700012207031,509.3999938964844,507.7821960449219,509.0849914550781,229225
2026-04-28T19:05:00.000Z,509.1151123046875,510.739990234375,509.0757141113281,510.0199890136719,388828
2026-04-28T19:10:00.000Z,510.0799865722656,510.0799865722656,507.80999755859375,507.9049987792969,299403
2026-04-28T19:15:00.000Z,507.79998779296875,507.8900146484375,505.5801086425781,505.8399963378906,348668
2026-04-28T19:20:00.000Z,505.8299865722656,507.13250732421875,505.1600036621094,506.19000244140625,293165
2026-04-28T19:25:00.000Z,506.19000244140625,506.5,505.3310852050781,506.2049865722656,170337
2026-04-28T19:30:00.000Z,506.2049865722656,506.8399963378906,505.1200866699219,505.6199951171875,221695
2026-04-28T19:35:00.000Z,505.6199951171875,506.4200134277344,504.7401123046875,505.4200134277344,259588
2026-04-28T19:40:00.000Z,505.5450134277344,506.7699890136719,505.3800048828125,506.010009765625,206198
2026-04-28T19:45:00.000Z,505.9750061035156,506.1600036621094,505,505.07000732421875,181232
2026-04-28T19:50:00.000Z,505.2200012207031,505.32000732421875,502.2699890136719,503.4800109863281,519026
2026-04-28T19:55:00.000Z,503.4049987792969,504.7598876953125,503.1099853515625,504.239990234375,971105
2026-04-28T20:00:00.000Z,504.26,505,502.79,503.8545,0
2026-04-28T20:05:00.000Z,503.9,509.99,503.55,508.25,0
2026-04-28T20:10:00.000Z,508.87,514.96,504.29,512,0
2026-04-28T20:15:00.000Z,512.32,515.5,500.5441,512.6,0
2026-04-28T20:20:00.000Z,512.55,514,511.01,512.2,0
2026-04-28T20:25:00.000Z,512.01,513.5,512,513.5,0
2026-04-28T20:30:00.000Z,513.22,513.96,513,513.88,0
2026-04-28T20:35:00.000Z,513.93,514.5,513.391,513.78,0
2026-04-28T20:40:00.000Z,513.8,514.35,513.37,513.6782,0
2026-04-28T20:45:00.000Z,513.68,517.7916,513.68,513.68,0
2026-04-28T20:50:00.000Z,513.8,514.2,504.29,513.25,0
2026-04-28T20:55:00.000Z,513.25,514,511.66,513.7958,0
2026-04-28T21:00:00.000Z,513.63,514.5,513.13,514.39,0
2026-04-28T21:05:00.000Z,514.37,517.54,514.15,516.5,0
2026-04-28T21:10:00.000Z,516.5,517.96,515.5,517.91,0
2026-04-28T21:15:00.000Z,517.89,522.75,517.65,521.36,0
2026-04-28T21:20:00.000Z,521.5,522.5,520.2864,522.29,0
2026-04-28T21:25:00.000Z,522.2976,524.94,521.6,521.75,0
2026-04-28T21:30:00.000Z,521.948,521.99,520.5,521.12,0
2026-04-28T21:35:00.000Z,521.2,521.84,520.6,521.52,0
2026-04-28T21:40:00.000Z,521.4369,521.513,519.27,520.2501,0
2026-04-28T21:45:00.000Z,520.11,521,519.55,519.89,0
2026-04-28T21:50:00.000Z,519.89,520.2,518.25,519,0
2026-04-28T21:55:00.000Z,518.98,519.45,517.67,517.84,0
2026-04-28T22:00:00.000Z,517.54,520.77,517.25,519.97,0
2026-04-28T22:05:00.000Z,519.865,520,519.22,519.6,0
2026-04-28T22:10:00.000Z,519.5,519.5,518.2,519,0
2026-04-28T22:15:00.000Z,519.2799,519.2799,518.25,518.41,0
2026-04-28T22:20:00.000Z,518.5,518.88,517.6,518.4499,0
2026-04-28T22:25:00.000Z,518.43,518.57,518,518.21,0
2026-04-28T22:30:00.000Z,518.21,519.85,518.2,519.3216,0
2026-04-28T22:35:00.000Z,519.6,519.7,518.16,519.1,0
2026-04-28T22:40:00.000Z,519.1,519.44,518.34,518.5,0
2026-04-28T22:45:00.000Z,518.499,518.499,517.78,517.9,0
2026-04-28T22:50:00.000Z,518,518,517.08,517.6813,0
2026-04-28T22:55:00.000Z,517.72,517.8,517.42,517.4491,0
2026-04-28T23:00:00.000Z,517.4,517.7,517.1,517.2,0
2026-04-28T23:05:00.000Z,517.2,517.45,516.15,517.13,0
2026-04-28T23:10:00.000Z,517.1,517.8,517.1,517.525,0
2026-04-28T23:15:00.000Z,517.76,519.25,517.3,518.89,0
2026-04-28T23:20:00.000Z,518.7,519.25,496.2032,518.2,0
2026-04-28T23:25:00.000Z,518.05,518.63,518,518.47,0
2026-04-28T23:30:00.000Z,518.47,519.24,518,518.81,0
2026-04-28T23:35:00.000Z,518.81,519.69,518.6,519.14,0
2026-04-28T23:40:00.000Z,519.14,520.5,519.14,519.91,0
2026-04-28T23:45:00.000Z,519.88,519.96,519.05,519.22,0
2026-04-28T23:50:00.000Z,519.0286,519.55,518.01,519.4915,0
2026-04-28T23:55:00.000Z,519.5,519.6,518.5,518.98,0
2026-04-29T08:00:00.000Z,519,520.9967,504.29,518.27,0
2026-04-29T08:05:00.000Z,518.13,520.91,516.82,520.29,0
2026-04-29T08:10:00.000Z,520.35,520.55,518.2916,519.86,0
2026-04-29T08:15:00.000Z,519.49,519.86,518.6,519.4,0
2026-04-29T08:20:00.000Z,519.3936,520.55,519.39,520.43,0
2026-04-29T08:25:00.000Z,520.4,523,519.95,522.78,0
2026-04-29T08:30:00.000Z,523,523.97,521.6,521.6,0
2026-04-29T08:35:00.000Z,521.84,522.5,521.2,521.7,0
2026-04-29T08:40:00.000Z,522.05,522.8,521.7,522.8,0
2026-04-29T08:45:00.000Z,522.8,523.7462,522.15,522.15,0
2026-04-29T08:50:00.000Z,522.15,523,522,522.4,0
2026-04-29T08:55:00.000Z,522.4,523.79,522.4,523.6,0
2026-04-29T09:00:00.000Z,523.5,524.65,522.85,524.62,0
2026-04-29T09:05:00.000Z,524.65,526.07,524.27,525.3,0
2026-04-29T09:10:00.000Z,525.3,525.5,524,524.19,0
2026-04-29T09:15:00.000Z,524.22,527,524.22,526.76,0
2026-04-29T09:20:00.000Z,526.9,526.9,524.11,525.75,0
2026-04-29T09:25:00.000Z,525.63,526.0788,524.62,524.71,0
2026-04-29T09:30:00.000Z,524.7,525.5,524.5,525,0
2026-04-29T09:35:00.000Z,525,525.401,524,524.98,0
2026-04-29T09:40:00.000Z,524.94,524.99,523.77,523.87,0
2026-04-29T09:45:00.000Z,523.98,523.9837,523.2,523.79,0
2026-04-29T09:50:00.000Z,523.73,523.7988,522.8,522.8,0
2026-04-29T09:55:00.000Z,522.85,523.25,521.8,521.95,0
2026-04-29T10:00:00.000Z,521.8,523,521.2,523,0
2026-04-29T10:05:00.000Z,523,523.5,522.85,522.85,0
2026-04-29T10:10:00.000Z,523,523,522.05,522.76,0
2026-04-29T10:15:00.000Z,522.88,523.8,522.5325,523.61,0
2026-04-29T10:20:00.000Z,523.6019,525.24,523.6019,524.8,0
2026-04-29T10:25:00.000Z,524.8,525.75,524.72,525.5,0
2026-04-29T10:30:00.000Z,525.5,525.79,524.3,524.65,0
2026-04-29T10:35:00.000Z,524.3365,525.24,524.3,525,0
2026-04-29T10:40:00.000Z,524.98,525.12,524,524.29,0
2026-04-29T10:45:00.000Z,524.29,524.48,523.6,524.08,0
2026-04-29T10:50:00.000Z,524.25,524.45,523.5,523.68,0
2026-04-29T10:55:00.000Z,523.8,523.95,523.51,523.6183,0
2026-04-29T11:00:00.000Z,523.925,528.8,504.29,527.7882,0
2026-04-29T11:05:00.000Z,527.92,529.5,527,529.26,0
2026-04-29T11:10:00.000Z,529.27,529.85,527.94,529,0
2026-04-29T11:15:00.000Z,529.2,529.5,527.48,527.91,0
2026-04-29T11:20:00.000Z,528.36,528.36,527,527.1,0
2026-04-29T11:25:00.000Z,527.4,528.55,527,528.03,0
2026-04-29T11:30:00.000Z,528.04,528.95,527.56,528.9348,0
2026-04-29T11:35:00.000Z,528.7886,530.6827,528.6,529.5,0
2026-04-29T11:40:00.000Z,529.5,529.8,528.1,528.73,0
2026-04-29T11:45:00.000Z,528.5,529,528.35,528.51,0
2026-04-29T11:50:00.000Z,528.51,528.75,528,528.36,0
2026-04-29T11:55:00.000Z,528.37,528.37,527.5,527.6,0
2026-04-29T12:00:00.000Z,527.555,527.92,526.41,526.6,0
2026-04-29T12:05:00.000Z,526.5,527.8,526.5,526.5,0
2026-04-29T12:10:00.000Z,526.54,527.72,526,526.66,0
2026-04-29T12:15:00.000Z,526.892,527.88,526.3839,527.72,0
2026-04-29T12:20:00.000Z,527.642,527.67,526.5,526.69,0
2026-04-29T12:25:00.000Z,526.79,527.3,526.45,527,0
2026-04-29T12:30:00.000Z,527.01,528.5,525.12,527.49,0
2026-04-29T12:35:00.000Z,527.79,528.6675,526.61,528.27,0
2026-04-29T12:40:00.000Z,528.1,528.86,527.8,527.995,0
2026-04-29T12:45:00.000Z,528,528.26,526.67,526.7625,0
2026-04-29T12:50:00.000Z,526.61,527.5,526.4,526.6954,0
2026-04-29T12:55:00.000Z,526.4964,526.71,525,525.1527,0
2026-04-29T13:00:00.000Z,525.3,527.48,525.15,526.2,0
2026-04-29T13:05:00.000Z,526.1,527.4,525.89,527.22,0
2026-04-29T13:10:00.000Z,527.22,527.99,526.5,527.23,0
2026-04-29T13:15:00.000Z,527.3,527.75,525.2,525.99,0
2026-04-29T13:20:00.000Z,525.5,526.26,525.02,525.9,0
2026-04-29T13:25:00.000Z,526.29,527.91,525.5,526.79,0
2026-04-29T13:30:00.000Z,526,530.9899291992188,520.8900756835938,525.2100219726562,3542809
2026-04-29T13:35:00.000Z,525.5,531,522.0999755859375,525.8350219726562,1540528
2026-04-29T13:40:00.000Z,525.8900146484375,530.010009765625,524.3499755859375,526.9099731445312,889822
2026-04-29T13:45:00.000Z,526.8800048828125,526.9500122070312,518.7000122070312,519.0900268554688,960165
2026-04-29T13:50:00.000Z,519.0999755859375,523.2999267578125,518.4400024414062,521.14501953125,667100
2026-04-29T13:55:00.000Z,521.239990234375,524.35498046875,520.5,523.010009765625,648847
2026-04-29T14:00:00.000Z,522.9600219726562,525.3900146484375,521,521.4000244140625,614076
2026-04-29T14:05:00.000Z,521.375,522.3499755859375,517.5900268554688,518.5,630787
2026-04-29T14:10:00.000Z,518.5,519.5399780273438,516.6199951171875,518.75,695523
2026-04-29T14:15:00.000Z,518.739990234375,520.9398803710938,518.2100219726562,520.2999267578125,478892
2026-04-29T14:20:00.000Z,520.2846069335938,523.0499267578125,519.5100708007812,522.3099975585938,555800
2026-04-29T14:25:00.000Z,522.3101196289062,524.9299926757812,521.9000854492188,522.1500244140625,556241
2026-04-29T14:30:00.000Z,522.1500244140625,524.5,521.3001098632812,522.8400268554688,401030
2026-04-29T14:35:00.000Z,522.5612182617188,525.3300170898438,522.1099853515625,524.97998046875,432627
2026-04-29T14:40:00.000Z,524.8200073242188,524.8499755859375,522.5,523.7050170898438,337839
2026-04-29T14:45:00.000Z,523.8900146484375,526,523.3599853515625,524.2150268554688,401353
2026-04-29T14:50:00.000Z,524.2000122070312,526.2999267578125,524.0499877929688,525.5499877929688,459769
2026-04-29T14:55:00.000Z,525.6599731445312,525.8099975585938,521.5499877929688,523.14501953125,422797
2026-04-29T15:00:00.000Z,523.3599853515625,523.7999267578125,520.7401123046875,521.3800048828125,358117
2026-04-29T15:05:00.000Z,521,522.9296264648438,519.780029296875,519.7999877929688,385109
2026-04-29T15:10:00.000Z,519.6400146484375,520.5,517.901611328125,519.5,424319
2026-04-29T15:15:00.000Z,519.5449829101562,520.489990234375,518.1799926757812,519.594970703125,286162
2026-04-29T15:20:00.000Z,519.75,520.8499755859375,519.0001220703125,519.0598754882812,217960
2026-04-29T15:25:00.000Z,519.0800170898438,520.2999877929688,518.4600219726562,519.8099975585938,262202
2026-04-29T15:30:00.000Z,519.9299926757812,521.9598999023438,519.6400146484375,521.2899780273438,333612
2026-04-29T15:35:00.000Z,521.1849975585938,522.3599243164062,521,521.5960083007812,196408
2026-04-29T15:40:00.000Z,521.6699829101562,522.2598876953125,521.02001953125,521.7899780273438,157138
2026-04-29T15:45:00.000Z,521.5,523.2498168945312,521.4199829101562,522.1199951171875,240956
2026-04-29T15:50:00.000Z,521.9600219726562,521.9899291992188,517.9749755859375,518.27001953125,309545
2026-04-29T15:55:00.000Z,518.5800170898438,519.89990234375,517.7999877929688,519.6699829101562,227518
2026-04-29T16:00:00.000Z,519.590087890625,520.72998046875,519.4199829101562,520.280029296875,191462
2026-04-29T16:05:00.000Z,520.2999877929688,521.8671264648438,520.25,520.885009765625,192247
2026-04-29T16:10:00.000Z,520.7901000976562,521.5800170898438,519,519,211627
2026-04-29T16:15:00.000Z,519.125,519.125,515,515.2999877929688,513217
2026-04-29T16:20:00.000Z,515.4027709960938,516.7999267578125,514.8001098632812,515.5999755859375,434715
2026-04-29T16:25:00.000Z,515.5999755859375,516.239990234375,514.5645141601562,515.0399780273438,329745
2026-04-29T16:30:00.000Z,515.02001953125,515.427490234375,512.8101196289062,514.093994140625,440576
2026-04-29T16:35:00.000Z,514.0900268554688,514.8400268554688,512.7999877929688,514.8300170898438,297096
2026-04-29T16:40:00.000Z,514.77001953125,515.6262817382812,513.2200927734375,513.9000244140625,308165
2026-04-29T16:45:00.000Z,513.7999877929688,514.7999877929688,513.1300048828125,513.1500244140625,227907
2026-04-29T16:50:00.000Z,513.0999755859375,514.9000244140625,512.4000854492188,512.5549926757812,305556
2026-04-29T16:55:00.000Z,512.5999755859375,513.0999145507812,510.82000732421875,511.739990234375,320217
2026-04-29T17:00:00.000Z,511.8699951171875,512.3399047851562,510.29998779296875,512.0900268554688,413736
2026-04-29T17:05:00.000Z,511.989990234375,514.280029296875,511.7200012207031,513.0499877929688,294524
2026-04-29T17:10:00.000Z,512.97998046875,514.1099853515625,511.6200866699219,512.219970703125,184966
2026-04-29T17:15:00.000Z,512.3800048828125,513.5999145507812,511.7699890136719,512.625,158087
2026-04-29T17:20:00.000Z,512.6099853515625,513.3798828125,511.2300109863281,511.3699951171875,169849
2026-04-29T17:25:00.000Z,511.2301025390625,511.7398986816406,508.80010986328125,510.1499938964844,473020
2026-04-29T17:30:00.000Z,510.2099914550781,510.3598937988281,508.82000732421875,509.760009765625,237655
2026-04-29T17:35:00.000Z,509.82000732421875,511,509.60009765625,510.5899963378906,189709
2026-04-29T17:40:00.000Z,510.6000061035156,510.7300109863281,509.29998779296875,510.2799072265625,147926
2026-04-29T17:45:00.000Z,510.2699890136719,511.5,510.10009765625,511.3699951171875,193379
2026-04-29T17:50:00.000Z,511.2900085449219,512.47998046875,511.1300048828125,512.389892578125,241601
2026-04-29T17:55:00.000Z,512.3900146484375,512.7999877929688,511.6000061035156,512.5,149660
2026-04-29T18:00:00.000Z,512.52001953125,512.8298950195312,510.25,510.8599853515625,230906
2026-04-29T18:05:00.000Z,510.9150085449219,512.7000122070312,510.9150085449219,511.8599853515625,250332
2026-04-29T18:10:00.000Z,511.82000732421875,512.6400146484375,511.010009765625,512.3400268554688,185323
2026-04-29T18:15:00.000Z,512.39990234375,513.6699829101562,512.14697265625,512.260009765625,229545
2026-04-29T18:20:00.000Z,512.4000244140625,514.3198852539062,512.0701293945312,514.1900024414062,205014
2026-04-29T18:25:00.000Z,514.260009765625,514.7899169921875,513.3400268554688,513.405029296875,225774
2026-04-29T18:30:00.000Z,513.47998046875,513.47998046875,511.95001220703125,512.364990234375,210617
2026-04-29T18:35:00.000Z,512.4000244140625,514.60498046875,512.3599853515625,512.8099975585938,253319
2026-04-29T18:40:00.000Z,512.7999877929688,512.9998779296875,511.3301086425781,511.5,281305
2026-04-29T18:45:00.000Z,511.5509033203125,515.094970703125,510.6600036621094,515,289726
2026-04-29T18:50:00.000Z,515,517.280029296875,515,517.0850219726562,445740
2026-04-29T18:55:00.000Z,517.0449829101562,518.9600219726562,516.9949951171875,518.3300170898438,365543
2026-04-29T19:00:00.000Z,518.3499755859375,519.1199951171875,517.1799926757812,517.4249877929688,258908
2026-04-29T19:05:00.000Z,517.4249877929688,518,516.1799926757812,517.155029296875,237210
2026-04-29T19:10:00.000Z,517.155029296875,518.9149780273438,516.75,518.9149780273438,210957
2026-04-29T19:15:00.000Z,518.9376220703125,519.719970703125,516.010009765625,516.1599731445312,1209897
2026-04-29T19:20:00.000Z,516.25,516.4899291992188,510.1199951171875,513.3400268554688,725764
2026-04-29T19:25:00.000Z,513.25341796875,515.9400024414062,513,515.3699951171875,557599
2026-04-29T19:30:00.000Z,515.2899780273438,515.8099975585938,514.1801147460938,515.6876220703125,202435
2026-04-29T19:35:00.000Z,515.6400146484375,515.760009765625,513.8099975585938,514.8499755859375,242219
2026-04-29T19:40:00.000Z,514.8800048828125,515.7899780273438,514.41748046875,514.760009765625,198380
2026-04-29T19:45:00.000Z,514.780029296875,515.2100219726562,514.1900024414062,514.5750122070312,177169
2026-04-29T19:50:00.000Z,514.3300170898438,517.5,514.1199951171875,516.8400268554688,389712
2026-04-29T19:55:00.000Z,516.9099731445312,518.52001953125,516.25,518.4201049804688,1287730
2026-04-29T20:00:00.000Z,518.46,518.46,514.14,517.1,0
2026-04-29T20:05:00.000Z,517.29,518.46,515.1,516.08,0
2026-04-29T20:10:00.000Z,518.46,518.46,509.5,513.42,0
2026-04-29T20:15:00.000Z,513.06,524.4786,510.3,510.48,0
2026-04-29T20:20:00.000Z,510.49,514.62,508.81,513.5,0
2026-04-29T20:25:00.000Z,513.98,518,513.5,516.64,0
2026-04-29T20:30:00.000Z,517,520.84,516.6,518.67,0
2026-04-29T20:35:00.000Z,518.55,518.99,515.55,516.99,0
2026-04-29T20:40:00.000Z,516.69,518,515.69,516.16,0
2026-04-29T20:45:00.000Z,516.16,518.46,515,515.46,0
2026-04-29T20:50:00.000Z,515,516,514.51,515.28,0
2026-04-29T20:55:00.000Z,515.66,516,513.9,514.01,0
2026-04-29T21:00:00.000Z,514.1,516,514,515.5,0
2026-04-29T21:05:00.000Z,515.68,517,515.2,516.05,0
2026-04-29T21:10:00.000Z,516.51,518,516.09,517.04,0
2026-04-29T21:15:00.000Z,516.08,517.6,516.08,516.72,0
2026-04-29T21:20:00.000Z,516.82,519,516.52,517.8015,0
2026-04-29T21:25:00.000Z,517.71,519,516.54,516.59,0
2026-04-29T21:30:00.000Z,516.6,517.09,516.4,516.99,0
2026-04-29T21:35:00.000Z,516.76,518,516.4,517.79,0
2026-04-29T21:40:00.000Z,517.79,519.5,517.21,519.5,0
2026-04-29T21:45:00.000Z,519.52,520.35,519.23,519.5,0
2026-04-29T21:50:00.000Z,519.25,519.96,519.0624,519.2,0
2026-04-29T21:55:00.000Z,519.24,520,518.08,519.6,0
2026-04-29T22:00:00.000Z,519.18,519.98,518.2,519.7,0
2026-04-29T22:05:00.000Z,519.67,520.99,519.52,520.85,0
2026-04-29T22:10:00.000Z,520.86,523.39,520.5,523.32,0
2026-04-29T22:15:00.000Z,523.0977,524.18,522.02,524.026,0
2026-04-29T22:20:00.000Z,524.2,524.24,522.5,524.19,0
2026-04-29T22:25:00.000Z,524.23,524.9,523.5,524.761,0
2026-04-29T22:30:00.000Z,524.7,525.57,523,523.9899,0
2026-04-29T22:35:00.000Z,523.9913,523.9913,523.18,523.55,0
2026-04-29T22:40:00.000Z,523.5,523.8,522.5,523.55,0
2026-04-29T22:45:00.000Z,523.46,524.7,523,523.3,0
2026-04-29T22:50:00.000Z,523.1,524.25,523.1,523.75,0
2026-04-29T22:55:00.000Z,523.6,523.9,523,523,0
2026-04-29T23:00:00.000Z,523.47,523.69,523,523.4,0
2026-04-29T23:05:00.000Z,523.3,523.5,522.5,522.7737,0
2026-04-29T23:10:00.000Z,522.9,523.5,522.64,523.37,0
2026-04-29T23:15:00.000Z,523.2,523.94,523,523.5,0
2026-04-29T23:20:00.000Z,523.49,523.5,523.02,523.46,0
2026-04-29T23:25:00.000Z,523.26,523.67,523.23,523.25,0
2026-04-29T23:30:00.000Z,523.33,524,523.12,523.7,0
2026-04-29T23:35:00.000Z,523.7,523.9,523.02,523.775,0
2026-04-29T23:40:00.000Z,523.9,524,523.1,523.31,0
2026-04-29T23:45:00.000Z,523.4,523.77,522.72,523.54,0
2026-04-29T23:50:00.000Z,523.38,524,523,523.69,0
2026-04-29T23:55:00.000Z,523.6,523.69,523,523.2,0
2026-04-30T08:00:00.000Z,517.99,522.47,512.3055,519.21,0
2026-04-30T08:05:00.000Z,519.86,520.2,517.5636,518.3,0
2026-04-30T08:10:00.000Z,518.51,521.9,512.95,519.95,0
2026-04-30T08:15:00.000Z,519.95,519.95,518.5438,519.48,0
2026-04-30T08:20:00.000Z,519.29,519.29,517.673,518.97,0
2026-04-30T08:25:00.000Z,519,520.5,518.6,520.5,0
2026-04-30T08:30:00.000Z,520.95,522.25,520.93,521.71,0
2026-04-30T08:35:00.000Z,521.9877,521.9877,521,521.85,0
2026-04-30T08:40:00.000Z,521.89,524,521.1,523.1,0
2026-04-30T08:45:00.000Z,523.2,523.4949,522,522.5,0
2026-04-30T08:50:00.000Z,522.44,522.95,521.2,521.7844,0
2026-04-30T08:55:00.000Z,521.63,521.71,521,521,0
2026-04-30T09:00:00.000Z,521.25,522,521,522,0
2026-04-30T09:05:00.000Z,521.65,522,521,521,0
2026-04-30T09:10:00.000Z,521.48,521.67,520,520.01,0
2026-04-30T09:15:00.000Z,520.31,520.88,520.0321,520.88,0
2026-04-30T09:20:00.000Z,520.05,520.88,519.99,520.16,0
2026-04-30T09:25:00.000Z,520.28,521.953,520.28,521.05,0
2026-04-30T09:30:00.000Z,521.8,523,521.8,522.2,0
2026-04-30T09:35:00.000Z,522.18,522.78,521.76,521.76,0
2026-04-30T09:40:00.000Z,521,521.7,521,521,0
2026-04-30T09:45:00.000Z,521.02,521.6,521.01,521.5688,0
2026-04-30T09:50:00.000Z,521.43,521.43,520.5012,520.9,0
2026-04-30T09:55:00.000Z,520.72,520.9,520,520.9,0
2026-04-30T10:00:00.000Z,520.7146,521.526,520,520.93,0
2026-04-30T10:05:00.000Z,520.55,521.6088,520.55,521.1,0
2026-04-30T10:10:00.000Z,521.25,521.61,520.5579,521.61,0
2026-04-30T10:15:00.000Z,520.9,521.61,520.65,520.91,0
2026-04-30T10:20:00.000Z,520.75,521.44,520.5,520.88,0
2026-04-30T10:25:00.000Z,520.95,521.58,520.8407,521,0
2026-04-30T10:30:00.000Z,521.37,521.88,520.28,521.5,0
2026-04-30T10:35:00.000Z,521.61,522.1587,520.8,521.58,0
2026-04-30T10:40:00.000Z,521.99,521.99,520.8,521.6,0
2026-04-30T10:45:00.000Z,521.4318,521.5583,520.5,520.5,0
2026-04-30T10:50:00.000Z,520.64,520.77,519.2,519.55,0
2026-04-30T10:55:00.000Z,519.69,520.4,519,519,0
2026-04-30T11:00:00.000Z,519.2,521.3,518.46,520.5,0
2026-04-30T11:05:00.000Z,520.5,520.99,519.99,520.3,0
2026-04-30T11:10:00.000Z,520.98,521.57,520.05,520.52,0
2026-04-30T11:15:00.000Z,520.52,521.56,520.38,521.38,0
2026-04-30T11:20:00.000Z,521.52,522.25,521,521.29,0
2026-04-30T11:25:00.000Z,521.4,522,520.8,521.906,0
2026-04-30T11:30:00.000Z,521.99,522.24,521,521.984,0
2026-04-30T11:35:00.000Z,521.68,521.99,520.4,521.04,0
2026-04-30T11:40:00.000Z,521.02,521.78,520.4,521.5,0
2026-04-30T11:45:00.000Z,521.49,522.57,521.25,522.39,0
2026-04-30T11:50:00.000Z,522.49,522.97,522.252,522.87,0
2026-04-30T11:55:00.000Z,522.87,522.96,522.5,522.57,0
2026-04-30T12:00:00.000Z,522.44,523.15,521.58,522,0
2026-04-30T12:05:00.000Z,522.15,522.7115,521.6,522.1,0
2026-04-30T12:10:00.000Z,522.1,523.7,522.1,523.6,0
2026-04-30T12:15:00.000Z,523.68,524,523.3,523.83,0
2026-04-30T12:20:00.000Z,523.5,524.5,523.5,523.85,0
2026-04-30T12:25:00.000Z,523.7,524.94,523.5,524.94,0
2026-04-30T12:30:00.000Z,524.9051,526.3,524.25,525.67,0
2026-04-30T12:35:00.000Z,525.99,527.49,525.5724,527.49,0
2026-04-30T12:40:00.000Z,527.4,527.89,526.239,526.6,0
2026-04-30T12:45:00.000Z,526.6,529.51,526.25,529.43,0
2026-04-30T12:50:00.000Z,529.17,529.94,528,528.11,0
2026-04-30T12:55:00.000Z,528.02,528.65,527.24,527.66,0
2026-04-30T13:00:00.000Z,527.81,528.14,527.3,527.61,0
2026-04-30T13:05:00.000Z,527.666,528.55,527.03,528,0
2026-04-30T13:10:00.000Z,528.15,528.21,526.73,527.8,0
2026-04-30T13:15:00.000Z,527.84,529.48,518.46,529.09,0
2026-04-30T13:20:00.000Z,529.09,529.89,528.11,528.1347,0
2026-04-30T13:25:00.000Z,528.3,531.2,528.3,529.51,0
2026-04-30T13:30:00.000Z,529.739990234375,535.5,527.2100219726562,529.969970703125,3515433
2026-04-30T13:35:00.000Z,530.0250244140625,531.3499145507812,524.010009765625,526.8400268554688,887064
2026-04-30T13:40:00.000Z,527.1798706054688,527.7999877929688,524.010009765625,527.469970703125,574882
2026-04-30T13:45:00.000Z,527.4749755859375,530.7000122070312,524.2000122070312,530.6599731445312,798217
2026-04-30T13:50:00.000Z,530.47998046875,531.25,523,523.12841796875,728611
2026-04-30T13:55:00.000Z,523.7550048828125,524.1500244140625,519.0999755859375,519.469970703125,791152
2026-04-30T14:00:00.000Z,519.5150146484375,520.7000122070312,517.5499877929688,519.4000244140625,804185
2026-04-30T14:05:00.000Z,519.405029296875,519.405029296875,510.8500061035156,511.7749938964844,1180107
2026-04-30T14:10:00.000Z,511.9800109863281,514.4299926757812,507.489990234375,513.969970703125,912553
2026-04-30T14:15:00.000Z,513.7349853515625,513.8099975585938,508.1000061035156,510.9610900878906,729429
2026-04-30T14:20:00.000Z,511.3273010253906,512.8400268554688,508.29998779296875,511.8799133300781,466208
2026-04-30T14:25:00.000Z,511.3299865722656,511.45001220703125,507.7699890136719,507.8999938964844,564017
2026-04-30T14:30:00.000Z,507.9800109863281,512,506.60009765625,507.45001220703125,551778
2026-04-30T14:35:00.000Z,507.6549987792969,508.7099914550781,503.8699951171875,504.75,603378
2026-04-30T14:40:00.000Z,504.7900085449219,508.7898864746094,504.3949890136719,507.8299865722656,532369
2026-04-30T14:45:00.000Z,507.8299865722656,510.8500061035156,507.5,508.3699951171875,495140
2026-04-30T14:50:00.000Z,507.9700012207031,510.70001220703125,507,509.29998779296875,463163
2026-04-30T14:55:00.000Z,509.29998779296875,511.75,509.29998779296875,510.0801086425781,334774
2026-04-30T15:00:00.000Z,510.0000915527344,511.9700012207031,507.2001037597656,507.8800048828125,424135
2026-04-30T15:05:00.000Z,507.5899963378906,508.5,506.9599914550781,507.3617858886719,379990
2026-04-30T15:10:00.000Z,507.3999938964844,509.32000732421875,502.57501220703125,505.614990234375,901572
2026-04-30T15:15:00.000Z,505.69000244140625,509.45001220703125,505.239990234375,508.29998779296875,508621
2026-04-30T15:20:00.000Z,508.4100036621094,510.3035888671875,507.7401123046875,508.9750061035156,348851
2026-04-30T15:25:00.000Z,508.95001220703125,512.9799194335938,508.6600036621094,511.1000061035156,454526
2026-04-30T15:30:00.000Z,511.3299865722656,513.469970703125,511.1199951171875,511.7799987792969,388228
2026-04-30T15:35:00.000Z,511.70001220703125,512,510.0101013183594,511.29998779296875,298379
2026-04-30T15:40:00.000Z,511.3699035644531,511.4299011230469,509.20098876953125,509.760009765625,208006
2026-04-30T15:45:00.000Z,509.7598876953125,509.7598876953125,507.1499938964844,508.5575866699219,287677
2026-04-30T15:50:00.000Z,508.6000061035156,511.5,508.2001037597656,511,255089
2026-04-30T15:55:00.000Z,510.864990234375,511,508.7300109863281,508.7300109863281,218296
2026-04-30T16:00:00.000Z,508.989990234375,509.5599060058594,507.7200927734375,508.1199951171875,228755
2026-04-30T16:05:00.000Z,508.3800048828125,509.4800109863281,508.010009765625,508.6600036621094,172482
2026-04-30T16:10:00.000Z,508.5,510.2879943847656,508,510.0950012207031,201725
2026-04-30T16:15:00.000Z,510.2698974609375,510.44989013671875,508.6300964355469,510.4200134277344,158982
2026-04-30T16:20:00.000Z,510.3349914550781,511.3800048828125,509.7099914550781,510.5400085449219,186079
2026-04-30T16:25:00.000Z,510.5400085449219,511.3599853515625,509.5757141113281,511.3599853515625,164657
2026-04-30T16:30:00.000Z,511.3699951171875,512.1380004882812,510.510009765625,512.0900268554688,166544
2026-04-30T16:35:00.000Z,511.9800109863281,512.6801147460938,511.3999938964844,512.3001098632812,176979
2026-04-30T16:40:00.000Z,512.2999877929688,512.2999877929688,510.66009521484375,510.7799987792969,160461
2026-04-30T16:45:00.000Z,510.7900085449219,510.9599914550781,509.0741882324219,509.2749938964844,215392
2026-04-30T16:50:00.000Z,509.2300109863281,509.70989990234375,508.79998779296875,509.114990234375,151401
2026-04-30T16:55:00.000Z,509.2499084472656,509.67999267578125,508.54998779296875,509.6199951171875,124604
2026-04-30T17:00:00.000Z,509.6199951171875,511.5299987792969,509.55999755859375,510.8399963378906,190641
2026-04-30T17:05:00.000Z,510.8999938964844,511.25,510,510,126587
2026-04-30T17:10:00.000Z,510.1050109863281,510.6799011230469,509.5299987792969,510.0459899902344,118668
2026-04-30T17:15:00.000Z,510.010009765625,510.30999755859375,508.79998779296875,509.67498779296875,175290
2026-04-30T17:20:00.000Z,509.8828125,509.94000244140625,508.6200866699219,509.7699890136719,123627
2026-04-30T17:25:00.000Z,509.6000061035156,509.7699890136719,508.8371887207031,509.0450134277344,106013
2026-04-30T17:30:00.000Z,509.0450134277344,510.595703125,509.0450134277344,509.6099853515625,163897
2026-04-30T17:35:00.000Z,509.510009765625,510.06988525390625,508.9501037597656,509.79998779296875,118325
2026-04-30T17:40:00.000Z,509.4800109863281,509.8299865722656,508.68499755859375,509.0450134277344,174303
2026-04-30T17:45:00.000Z,508.8800048828125,511.2598876953125,508.8800048828125,510.0199890136719,193857
2026-04-30T17:50:00.000Z,510.06500244140625,511.81988525390625,509.40008544921875,511.7250061035156,661185
2026-04-30T17:55:00.000Z,511.84991455078125,513.2399291992188,511.82000732421875,513.0900268554688,245855
2026-04-30T18:00:00.000Z,513.1500244140625,513.2999877929688,510.5,512.6500244140625,272931
2026-04-30T18:05:00.000Z,512.5850219726562,514.2479858398438,512.5700073242188,513.89990234375,248746
2026-04-30T18:10:00.000Z,513.9000244140625,514.4299926757812,512.9099731445312,514.27001953125,207514
2026-04-30T18:15:00.000Z,514.344970703125,516.2000122070312,514.344970703125,514.989990234375,338615
2026-04-30T18:20:00.000Z,515,515.2098999023438,514,514.9349975585938,1084739
2026-04-30T18:25:00.000Z,514.9000244140625,515.2498779296875,513.5,513.7564697265625,223506
2026-04-30T18:30:00.000Z,513.8737182617188,514.7999877929688,513.77001953125,514.3499755859375,182925
2026-04-30T18:35:00.000Z,514.3400268554688,515.5399780273438,514,514.1199951171875,154745
2026-04-30T18:40:00.000Z,514.030029296875,514.1699829101562,513,513.3599853515625,156808
2026-04-30T18:45:00.000Z,513.3547973632812,513.6950073242188,511.66009521484375,511.9599914550781,183053
2026-04-30T18:50:00.000Z,511.7200927734375,513.5798950195312,511.5,513.2000122070312,216457
2026-04-30T18:55:00.000Z,513.280029296875,514.3806762695312,513.280029296875,513.760009765625,163182
2026-04-30T19:00:00.000Z,513.77001953125,514.3599243164062,513.3001098632812,513.9598999023438,242477
2026-04-30T19:05:00.000Z,513.8200073242188,515.5798950195312,513.6099853515625,515.4498901367188,193672
2026-04-30T19:10:00.000Z,515.4500122070312,516.2999877929688,515.3499755859375,515.75,234962
2026-04-30T19:15:00.000Z,515.760009765625,516.9500122070312,515.760009765625,516.719970703125,263915
2026-04-30T19:20:00.000Z,516.719970703125,517.0800170898438,515.8400268554688,516.25,231957
2026-04-30T19:25:00.000Z,516.351806640625,516.760009765625,514.72998046875,514.9299926757812,249187
2026-04-30T19:30:00.000Z,514.77001953125,516,513.6699829101562,515.6500244140625,298177
2026-04-30T19:35:00.000Z,515.75,515.75,512.5,512.844970703125,311415
2026-04-30T19:40:00.000Z,512.9600219726562,514.2999877929688,511.6095886230469,514.0700073242188,307860
2026-04-30T19:45:00.000Z,514.25,515.1799926757812,513.85009765625,514.7150268554688,212734
2026-04-30T19:50:00.000Z,514.77001953125,515,511.5199890136719,513.969970703125,496815
2026-04-30T19:55:00.000Z,513.969970703125,518.25,513.47998046875,517.1900024414062,1370132
2026-04-30T20:00:00.000Z,517.6253,518.1,513.22,514.03,0
2026-04-30T20:05:00.000Z,514.48,519.96,507.91,512.01,0
2026-04-30T20:10:00.000Z,512.06,517.16,506.4,507.9402,0
2026-04-30T20:15:00.000Z,507.99,517.16,503.5,506.07,0
2026-04-30T20:20:00.000Z,517.16,517.16,504,507.09,0
2026-04-30T20:25:00.000Z,507.4006,510.49,505.5,508.5,0
2026-04-30T20:30:00.000Z,508,508.9,504,505.0063,0
2026-04-30T20:35:00.000Z,505.5,505.87,500.86,502.99,0
2026-04-30T20:40:00.000Z,503.32,504.5,502.85,503.79,0
2026-04-30T20:45:00.000Z,503.65,508.54,503.65,508.38,0
2026-04-30T20:50:00.000Z,508.3,517.16,506.12,507.2,0
2026-04-30T20:55:00.000Z,507,517.16,504.75,505.84,0
2026-04-30T21:00:00.000Z,505.01,506.7,504.21,504.86,0
2026-04-30T21:05:00.000Z,504.45,517.16,503.2501,504.774,0
2026-04-30T21:10:00.000Z,504.68,507,504.68,505.98,0
2026-04-30T21:15:00.000Z,505.87,521.071,505.2,506,0
2026-04-30T21:20:00.000Z,505.8,507,505.08,505.08,0
2026-04-30T21:25:00.000Z,505.8,506,503.06,503.11,0
2026-04-30T21:30:00.000Z,503.2,506.5,503.02,506.5,0
2026-04-30T21:35:00.000Z,506.1,506.7,505.3,505.4,0
2026-04-30T21:40:00.000Z,506,521.071,505.66,507.38,0
2026-04-30T21:45:00.000Z,507,507.43,505.31,505.95,0
2026-04-30T21:50:00.000Z,506.12,507.47,504.5,507.47,0
2026-04-30T21:55:00.000Z,507.25,507.6,506.2,506.8,0
2026-04-30T22:00:00.000Z,506.5,506.98,504.5,504.935,0
2026-04-30T22:05:00.000Z,504.69,506.5,504.52,506.05,0
2026-04-30T22:10:00.000Z,506.05,507,505.478,506.17,0
2026-04-30T22:15:00.000Z,505.92,506.44,505.5,505.81,0
2026-04-30T22:20:00.000Z,505.71,505.99,503.62,504,0
2026-04-30T22:25:00.000Z,504,504.79,503.63,503.63,0
2026-04-30T22:30:00.000Z,504.22,505.3643,503.7982,504,0
2026-04-30T22:35:00.000Z,504,504,502.88,503.3,0
2026-04-30T22:40:00.000Z,503.18,503.99,502.45,502.93,0
2026-04-30T22:45:00.000Z,502.93,503,500.68,501.33,0
2026-04-30T22:50:00.000Z,501.57,501.9399,500,500.42,0
2026-04-30T22:55:00.000Z,500.74,502,500,501.64,0
2026-04-30T23:00:00.000Z,501.5,503.99,501.5,503.8,0
2026-04-30T23:05:00.000Z,503.8,504.48,502.61,503.35,0
2026-04-30T23:10:00.000Z,503.11,504.49,502.75,503.72,0
2026-04-30T23:15:00.000Z,503.99,504.45,503,504.0846,0
2026-04-30T23:20:00.000Z,504.35,504.97,503.8,504.97,0
2026-04-30T23:25:00.000Z,504.64,506.68,504.25,506.27,0
2026-04-30T23:30:00.000Z,506.27,507.25,505.5,507,0
2026-04-30T23:35:00.000Z,507.1785,507.374,506,506.74,0
2026-04-30T23:40:00.000Z,506.5,506.99,505.28,505.71,0
2026-04-30T23:45:00.000Z,505.9,506.35,505,506.1,0
2026-04-30T23:50:00.000Z,506.1,506.5,505.38,505.65,0
2026-04-30T23:55:00.000Z,505.65,505.9875,504.25,505,0
2026-05-01T08:00:00.000Z,509,517.16,507.51,507.94,0
2026-05-01T08:05:00.000Z,507.94,511.74,507.28,508.2705,0
2026-05-01T08:10:00.000Z,508.1457,509.4,507.76,508.84,0
2026-05-01T08:15:00.000Z,508.9988,509.66,508.15,509,0
2026-05-01T08:20:00.000Z,509.5374,509.6,507.51,507.8,0
2026-05-01T08:25:00.000Z,507.93,508.19,507.51,507.68,0
2026-05-01T08:30:00.000Z,507.57,507.75,506.5,506.99,0
2026-05-01T08:35:00.000Z,506.77,506.99,505.0503,505.64,0
2026-05-01T08:40:00.000Z,505.32,506.8,505,505.21,0
2026-05-01T08:45:00.000Z,505.4,507.1531,505.1698,505.55,0
2026-05-01T08:50:00.000Z,505.5425,506.84,505.25,506.8057,0
2026-05-01T08:55:00.000Z,506.52,506.75,505.63,505.86,0
2026-05-01T09:00:00.000Z,505.81,506.7585,504.56,504.56,0
2026-05-01T09:05:00.000Z,504.99,506.1,504.01,505.68,0
2026-05-01T09:10:00.000Z,505.58,506.49,505.5,506.4,0
2026-05-01T09:15:00.000Z,506.2,507.17,506,506,0
2026-05-01T09:20:00.000Z,506.0506,507.1,506.0506,506.78,0
2026-05-01T09:25:00.000Z,506.63,506.99,505.81,506,0
2026-05-01T09:30:00.000Z,505.81,506.8374,505.51,505.92,0
2026-05-01T09:35:00.000Z,506.02,506.7332,505.69,506.55,0
2026-05-01T09:40:00.000Z,506.2,506.5,505.74,506.19,0
2026-05-01T09:45:00.000Z,506.19,506.99,506.1,506.71,0
2026-05-01T09:50:00.000Z,506.71,507.975,506.47,507.35,0
2026-05-01T09:55:00.000Z,507.1027,508.17,507,508.17,0
2026-05-01T10:00:00.000Z,508,508.98,507.6,508.5,0
2026-05-01T10:05:00.000Z,508.5,508.5,507.6303,507.6303,0
2026-05-01T10:10:00.000Z,507.93,508.85,507.61,508.85,0
2026-05-01T10:15:00.000Z,508.84,509.32,508.5,509.3,0
2026-05-01T10:20:00.000Z,509.3,509.5,509,509,0
2026-05-01T10:25:00.000Z,509.1,509.1,508.3012,508.6522,0
2026-05-01T10:30:00.000Z,508.66,508.7,507.8,508.36,0
2026-05-01T10:35:00.000Z,508.312,508.312,507.01,507.16,0
2026-05-01T10:40:00.000Z,507.01,507.9209,507.01,507.4,0
2026-05-01T10:45:00.000Z,507.5,508.65,507.38,508.16,0
2026-05-01T10:50:00.000Z,508,508.6488,507.93,508.08,0
2026-05-01T10:55:00.000Z,508.6,509,508.22,508.91,0
2026-05-01T11:00:00.000Z,508.54,509,506.6,507.2658,0
2026-05-01T11:05:00.000Z,507.37,507.93,506,507.01,0
2026-05-01T11:10:00.000Z,507,507.47,506.5,507.185,0
2026-05-01T11:15:00.000Z,507,508.53,506.61,508.26,0
2026-05-01T11:20:00.000Z,508.25,508.2538,506.9,506.9,0
2026-05-01T11:25:00.000Z,506.861,506.9,505.531,505.82,0
2026-05-01T11:30:00.000Z,505.6,506.25,505.4,505.9935,0
2026-05-01T11:35:00.000Z,505.99,506.75,505.8,506.74,0
2026-05-01T11:40:00.000Z,506.663,506.83,506,506.83,0
2026-05-01T11:45:00.000Z,506.79,507.97,506.5,507.5,0
2026-05-01T11:50:00.000Z,507.74,508.18,507.3,507.4,0
2026-05-01T11:55:00.000Z,507.4,508.3,507.34,508.2812,0
2026-05-01T12:00:00.000Z,508.26,509.19,508,508.84,0
2026-05-01T12:05:00.000Z,508.8803,508.89,507.3,507.503,0
2026-05-01T12:10:00.000Z,507.4763,509.4,507.3,509,0
2026-05-01T12:15:00.000Z,508.45,509.17,508,508.9522,0
2026-05-01T12:20:00.000Z,508.6607,510.96,508.1,510.5,0
2026-05-01T12:25:00.000Z,510.11,511.7,510.02,510.8723,0
2026-05-01T12:30:00.000Z,510.54,511.5,509.56,511.28,0
2026-05-01T12:35:00.000Z,511.12,511.5,509.8,510.37,0
2026-05-01T12:40:00.000Z,510.2573,510.5,508.73,509.1,0
2026-05-01T12:45:00.000Z,509.09,509.8166,508.8,509.49,0
2026-05-01T12:50:00.000Z,509.4994,510.11,455.07,509.74,0
2026-05-01T12:55:00.000Z,509.74,510.35,508.4,508.9133,0
2026-05-01T13:00:00.000Z,508.99,509.7,508.5,509.7,0
2026-05-01T13:05:00.000Z,509.7,510.19,509,509.9893,0
2026-05-01T13:10:00.000Z,509.8247,510.31,509.25,510.22,0
2026-05-01T13:15:00.000Z,510.25,517.16,508.22,509,0
2026-05-01T13:20:00.000Z,509.23,510.57,508.98,510.3642,0
2026-05-01T13:25:00.000Z,510.4,513.8,510.4,512.44,0
2026-05-01T13:30:00.000Z,511.7799987792969,518.010009765625,510.2099914550781,513.8200073242188,2011922
2026-05-01T13:35:00.000Z,513.6699829101562,524.280029296875,513.6699829101562,524.0999755859375,1150691
2026-05-01T13:40:00.000Z,523.7150268554688,530.1099243164062,523.5999755859375,529.6199951171875,1456303
2026-05-01T13:45:00.000Z,529.6799926757812,532.639892578125,525.1699829101562,532.639892578125,1186575
2026-05-01T13:50:00.000Z,532.5349731445312,537.3300170898438,531.4099731445312,536.6300048828125,1709434
2026-05-01T13:55:00.000Z,536.6300048828125,541.5999755859375,536.0800170898438,541.4500122070312,1474079
2026-05-01T14:00:00.000Z,541.6380004882812,545.0700073242188,539.62158203125,543.77001953125,1221465
2026-05-01T14:05:00.000Z,543.6649780273438,545,541.5900268554688,544.7650146484375,1276907
2026-05-01T14:10:00.000Z,544.7650146484375,545.9099731445312,541,543.0001220703125,954783
2026-05-01T14:15:00.000Z,542.9500122070312,545.8300170898438,539.3800048828125,539.75,1057357
2026-05-01T14:20:00.000Z,539.89990234375,545.6300048828125,539.52001953125,542.2999877929688,932902
2026-05-01T14:25:00.000Z,542.2600708007812,544.6400146484375,541.29052734375,542.0599975585938,548090
2026-05-01T14:30:00.000Z,542.083984375,542.25,536.219970703125,536.4000244140625,875458
2026-05-01T14:35:00.000Z,536.4299926757812,539.0499877929688,533.2999877929688,537.5800170898438,917946
2026-05-01T14:40:00.000Z,537.5800170898438,540.510009765625,535.9000244140625,536,585310
2026-05-01T14:45:00.000Z,536.0599975585938,537.0999755859375,532.7999877929688,532.875,517227
2026-05-01T14:50:00.000Z,532.8800048828125,533.27001953125,528.5800170898438,530.3599853515625,694443
2026-05-01T14:55:00.000Z,530.4799194335938,531.9400024414062,527.010009765625,527.6599731445312,596942
2026-05-01T15:00:00.000Z,527.6199951171875,528.5,524.75,527.22998046875,603373
2026-05-01T15:05:00.000Z,527.4000244140625,528.97998046875,525.2000122070312,528.375,506711
2026-05-01T15:10:00.000Z,528.375,531.8599853515625,527.0100708007812,530.0213012695312,507161
2026-05-01T15:15:00.000Z,530.2000122070312,533.6300048828125,529.77001953125,533.5499877929688,465427
2026-05-01T15:20:00.000Z,533.5499877929688,534.3200073242188,530.3200073242188,531.5869750976562,382476
2026-05-01T15:25:00.000Z,531.4019775390625,532.4216918945312,530.0499877929688,530.1640014648438,218977
2026-05-01T15:30:00.000Z,530.2899780273438,532.5,529.4000244140625,532.094970703125,296255
2026-05-01T15:35:00.000Z,532.094970703125,533.5999145507812,531.5499877929688,532.8499755859375,254743
2026-05-01T15:40:00.000Z,532.9199829101562,533.9299926757812,530.1900024414062,530.3499755859375,360178
2026-05-01T15:45:00.000Z,530.2999877929688,530.3599853515625,528.4000244140625,529.469970703125,246472
2026-05-01T15:50:00.000Z,529.39501953125,530.8900146484375,526.5999755859375,530.889892578125,273640
2026-05-01T15:55:00.000Z,530.8900146484375,532.2999877929688,530.10009765625,531.989990234375,241518
2026-05-01T16:00:00.000Z,531.9299926757812,533.3499755859375,531.2830810546875,531.7999877929688,251729
2026-05-01T16:05:00.000Z,531.85498046875,532.760009765625,531.5338134765625,532.135009765625,170976
2026-05-01T16:10:00.000Z,532.0800170898438,533.52001953125,531.1900024414062,531.1901245117188,267915
2026-05-01T16:15:00.000Z,531.2949829101562,533.27001953125,531.1901245117188,532.0999755859375,225473
2026-05-01T16:20:00.000Z,532.010009765625,532.409912109375,530.4600219726562,531.1500244140625,181776
2026-05-01T16:25:00.000Z,531.1500244140625,531.5399780273438,529.219970703125,529.5499877929688,184482
2026-05-01T16:30:00.000Z,529.5399780273438,530.969970703125,529.2208251953125,530.0175170898438,199446
2026-05-01T16:35:00.000Z,529.9099731445312,533.25,529.8800048828125,532.72998046875,247926
2026-05-01T16:40:00.000Z,533.1199951171875,534.2698974609375,532.030029296875,533.5349731445312,265228
2026-05-01T16:45:00.000Z,533.5349731445312,534.2999267578125,532.5,533.9199829101562,225646
2026-05-01T16:50:00.000Z,533.8699951171875,534.7299194335938,532.02001953125,532.9199829101562,234105
2026-05-01T16:55:00.000Z,532.719970703125,533.2899169921875,531,531,168423
2026-05-01T17:00:00.000Z,530.8800048828125,531.9998779296875,530.4500732421875,531.3499755859375,187511
2026-05-01T17:05:00.000Z,531.4400024414062,531.57861328125,530.1400146484375,530.9600219726562,120205
2026-05-01T17:10:00.000Z,530.905029296875,531.4099731445312,530.0999755859375,530.510009765625,135303
2026-05-01T17:15:00.000Z,530.510009765625,531.4299926757812,530.0999755859375,531.2949829101562,128355
2026-05-01T17:20:00.000Z,531.3400268554688,531.5,530.3200073242188,530.7550048828125,120438
2026-05-01T17:25:00.000Z,530.7999877929688,531.0900268554688,529.5,530.0050048828125,197200
2026-05-01T17:30:00.000Z,530.1099853515625,530.1099853515625,529,529.875,222738
2026-05-01T17:35:00.000Z,529.760009765625,530.25,528.4201049804688,528.6300048828125,178025
2026-05-01T17:40:00.000Z,528.7100219726562,531.3298950195312,528.7100219726562,531.2750244140625,208347
2026-05-01T17:45:00.000Z,531.2750244140625,535.1699829101562,531.2427978515625,535.1599731445312,366708
2026-05-01T17:50:00.000Z,535.1199951171875,535.260009765625,533.5850219726562,534.8900146484375,303779
2026-05-01T17:55:00.000Z,534.8699951171875,536.6298828125,534.8599853515625,535.780029296875,924167
2026-05-01T18:00:00.000Z,535.8499755859375,536,534.0999755859375,534.844970703125,282447
2026-05-01T18:05:00.000Z,534.9398803710938,539,534.260009765625,538.7650146484375,381437
2026-05-01T18:10:00.000Z,538.7650146484375,539.1699829101562,537.8200073242188,537.9400024414062,350550
2026-05-01T18:15:00.000Z,538,540.9299926757812,537.6900024414062,540.4500122070312,416342
2026-05-01T18:20:00.000Z,540.3400268554688,540.969970703125,539.0599975585938,540.3699951171875,240544
2026-05-01T18:25:00.000Z,540.3699951171875,541.0399780273438,539.880126953125,540.8900146484375,253209
2026-05-01T18:30:00.000Z,540.6699829101562,543.39990234375,540.1099853515625,541.7899780273438,402953
2026-05-01T18:35:00.000Z,541.7899780273438,542.2899780273438,539.080078125,539.2568969726562,354886
2026-05-01T18:40:00.000Z,539.1751098632812,539.7000122070312,537.9099731445312,539.0800170898438,307605
2026-05-01T18:45:00.000Z,539.02001953125,539.3499755859375,535.8200073242188,537.4849853515625,339779
2026-05-01T18:50:00.000Z,537.4849853515625,539.3400268554688,536.9400024414062,538.9349975585938,269641
2026-05-01T18:55:00.000Z,538.9650268554688,540.1699829101562,538.72998046875,540.125,233147
2026-05-01T19:00:00.000Z,540.125,540.4699096679688,538,538.7750244140625,298314
2026-05-01T19:05:00.000Z,538.7750244140625,539.739990234375,538.2999877929688,539.2100219726562,195887
2026-05-01T19:10:00.000Z,539.2999877929688,540,539.0401000976562,539.1900024414062,267242
2026-05-01T19:15:00.000Z,539.25,540,538.3200073242188,538.9600219726562,275872
2026-05-01T19:20:00.000Z,539.0399780273438,541.3800048828125,538.3499755859375,541.2650146484375,406963
2026-05-01T19:25:00.000Z,541.2650146484375,542.02001953125,539.9401245117188,541.3800048828125,502459
2026-05-01T19:30:00.000Z,541.2899780273438,541.75,539.6199951171875,541.6998901367188,265305
2026-05-01T19:35:00.000Z,541.530029296875,541.8900146484375,540.72998046875,540.9400024414062,237386
2026-05-01T19:40:00.000Z,540.9400024414062,541.875,540.1599731445312,541.5900268554688,277748
2026-05-01T19:45:00.000Z,541.6199951171875,541.7055053710938,540.1599731445312,541,327773
2026-05-01T19:50:00.000Z,540.969970703125,543.5700073242188,540.1199951171875,542.0399780273438,979100
2026-05-01T19:55:00.000Z,541.8900146484375,542.3599853515625,540.7100830078125,542.3200073242188,981950
2026-05-01T20:00:00.000Z,542.35,542.91,541.23,541.91,0
2026-05-01T20:05:00.000Z,542.1,542.21,541.26,542,0
2026-05-01T20:10:00.000Z,542,542.21,541.26,541.77,0
2026-05-01T20:15:00.000Z,541.85,542.21,540.18,540.6,0
2026-05-01T20:20:00.000Z,542.21,542.21,540.5,540.5,0
2026-05-01T20:25:00.000Z,540.44,540.99,540.25,540.9507,0
2026-05-01T20:30:00.000Z,540.72,540.9899,540.57,540.6678,0
2026-05-01T20:35:00.000Z,540.66,541.2386,540.66,540.71,0
2026-05-01T20:40:00.000Z,540.82,541,539.7,539.7,0
2026-05-01T20:45:00.000Z,539.7,542.21,539.52,540.15,0
2026-05-01T20:50:00.000Z,540.15,540.9,540.15,540.67,0
2026-05-01T20:55:00.000Z,540.52,540.61,540.15,540.16,0
2026-05-01T21:00:00.000Z,540.43,540.58,540.25,540.3,0
2026-05-01T21:05:00.000Z,540.44,540.79,540.3,540.5,0
2026-05-01T21:10:00.000Z,540.4,540.53,540.25,540.26,0
2026-05-01T21:15:00.000Z,540.49,540.49,540.02,540.45,0
2026-05-01T21:20:00.000Z,540.5,540.79,540.03,540.4,0
2026-05-01T21:25:00.000Z,540.3,540.45,540.07,540.3,0
2026-05-01T21:30:00.000Z,540.3,540.45,540.1,540.21,0
2026-05-01T21:35:00.000Z,540.45,542.21,540.11,540.4,0
2026-05-01T21:40:00.000Z,540.4,540.45,540,540.19,0
2026-05-01T21:45:00.000Z,540.19,540.2,540,540.041,0
2026-05-01T21:50:00.000Z,540.13,540.45,540.02,540.36,0
2026-05-01T21:55:00.000Z,540.04,540.45,540.04,540.1,0
2026-05-01T22:00:00.000Z,540.05,540.36,540.05,540.36,0
2026-05-01T22:05:00.000Z,540.36,540.79,540.27,540.27,0
2026-05-01T22:10:00.000Z,540.24,540.35,540.1,540.2282,0
2026-05-01T22:15:00.000Z,540.3,540.79,540.04,540.43,0
2026-05-01T22:20:00.000Z,540.43,540.75,540.1,540.17,0
2026-05-01T22:25:00.000Z,540.152,540.5,540.01,540.2,0
2026-05-01T22:30:00.000Z,540.2296,540.25,540.04,540.23,0
2026-05-01T22:35:00.000Z,540.25,540.49,540.16,540.25,0
2026-05-01T22:40:00.000Z,540.2,540.5,540.2,540.26,0
2026-05-01T22:45:00.000Z,540.26,540.4,540.21,540.4,0
2026-05-01T22:50:00.000Z,540.36,540.37,540.23,540.31,0
2026-05-01T22:55:00.000Z,540.31,540.31,540.2,540.22,0
2026-05-01T23:00:00.000Z,540.2,540.25,540.15,540.1501,0
2026-05-01T23:05:00.000Z,540.15,540.35,540,540.3012,0
2026-05-01T23:10:00.000Z,540.3001,540.37,540,540.12,0
2026-05-01T23:15:00.000Z,540.039,540.37,540.01,540.3,0
2026-05-01T23:20:00.000Z,540.24,540.3,540.203,540.28,0
2026-05-01T23:25:00.000Z,540.27,540.3,540.2,540.3,0
2026-05-01T23:30:00.000Z,540.298,540.37,540.01,540.1,0
2026-05-01T23:35:00.000Z,540.1,540.21,540.01,540.15,0
2026-05-01T23:40:00.000Z,540.15,540.187,540.0101,540.0101,0
2026-05-01T23:45:00.000Z,540.0347,540.357,540,540.16,0
2026-05-01T23:50:00.000Z,540.17,540.2,539.16,540.05,0
2026-05-01T23:55:00.000Z,540.2,540.3,539.5694,539.91,0
2026-05-04T08:00:00.000Z,560.5,564.42,557.5,558.48,0
2026-05-04T08:05:00.000Z,558.48,558.9226,556.88,558.8,0
2026-05-04T08:10:00.000Z,558.8,564.23,556.05,556.8,0
2026-05-04T08:15:00.000Z,556.93,557.1,555.37,556,0
2026-05-04T08:20:00.000Z,555.92,556.3,554.5,555.42,0
2026-05-04T08:25:00.000Z,555.3,557.4,555.3,556.99,0
2026-05-04T08:30:00.000Z,557,557.4,555.52,555.89,0
2026-05-04T08:35:00.000Z,555.77,556,555,555.74,0
2026-05-04T08:40:00.000Z,555.87,555.9,553.8,553.98,0
2026-05-04T08:45:00.000Z,553.9,554.16,553,553.6209,0
2026-05-04T08:50:00.000Z,553.6,554.2,553.6,554,0
2026-05-04T08:55:00.000Z,554,555.42,553.94,555.01,0
2026-05-04T09:00:00.000Z,555.3,555.8,553.96,555.8,0
2026-05-04T09:05:00.000Z,555.8,556.5,555.45,556.5,0
2026-05-04T09:10:00.000Z,556.45,557.8,556.25,557.79,0
2026-05-04T09:15:00.000Z,557.79,558.5,557.41,557.41,0
2026-05-04T09:20:00.000Z,557.48,557.9692,557,557.58,0
2026-05-04T09:25:00.000Z,557.47,559,557.16,559,0
2026-05-04T09:30:00.000Z,558.98,559,558.28,558.7,0
2026-05-04T09:35:00.000Z,558.79,560.5,558.7803,560.07,0
2026-05-04T09:40:00.000Z,560.24,560.66,559.5,560.66,0
2026-05-04T09:45:00.000Z,560.77,561,560.26,560.59,0
2026-05-04T09:50:00.000Z,560.59,561.2,559.86,560.48,0
2026-05-04T09:55:00.000Z,560.26,560.99,558.28,558.28,0
2026-05-04T10:00:00.000Z,558.42,558.63,553,553.5,0
2026-05-04T10:05:00.000Z,553.5,553.6,546.53,548.96,0
2026-05-04T10:10:00.000Z,549,553.5,548.5,551.5,0
2026-05-04T10:15:00.000Z,550.96,552,546.54,547.56,0
2026-05-04T10:20:00.000Z,547.56,549,545.49,548.16,0
2026-05-04T10:25:00.000Z,548.15,553.4482,548,552.48,0
2026-05-04T10:30:00.000Z,552.9,557.09,550.09,556.8,0
2026-05-04T10:35:00.000Z,556.988,558.28,554.42,556.65,0
2026-05-04T10:40:00.000Z,556.2,557,555,556.6635,0
2026-05-04T10:45:00.000Z,556.49,556.66,555,556.4,0
2026-05-04T10:50:00.000Z,556.4904,557.55,555.98,556.27,0
2026-05-04T10:55:00.000Z,556.62,556.62,555,555,0
2026-05-04T11:00:00.000Z,555,557.75,542.21,555.53,0
2026-05-04T11:05:00.000Z,555.55,557.44,555.5,557.44,0
2026-05-04T11:10:00.000Z,557.47,558.79,557,557.8495,0
2026-05-04T11:15:00.000Z,557.99,559.5,557.6426,559.1644,0
2026-05-04T11:20:00.000Z,558.79,559,557.8,558.1625,0
2026-05-04T11:25:00.000Z,558.18,558.211,557.12,557.8955,0
2026-05-04T11:30:00.000Z,557.7,558.8,557.02,558.49,0
2026-05-04T11:35:00.000Z,558.45,558.75,556.1,556.1,0
2026-05-04T11:40:00.000Z,556.06,558.3,556.06,557.78,0
2026-05-04T11:45:00.000Z,557.12,558,557,557.4791,0
2026-05-04T11:50:00.000Z,557.5,558.56,557.1,558.49,0
2026-05-04T11:55:00.000Z,558.65,559.52,558.19,559.063,0
2026-05-04T12:00:00.000Z,559.01,561,559.01,560.8,0
2026-05-04T12:05:00.000Z,560.8333,560.91,559.5,559.98,0
2026-05-04T12:10:00.000Z,559.99,560.5,558.88,559,0
2026-05-04T12:15:00.000Z,559.2273,559.2273,557.7288,558.09,0
2026-05-04T12:20:00.000Z,557.9,558.59,557.4,558.3,0
2026-05-04T12:25:00.000Z,558.43,558.78,557.96,558.21,0
2026-05-04T12:30:00.000Z,558.01,558.22,555.82,556.77,0
2026-05-04T12:35:00.000Z,556.64,556.75,555.76,556.52,0
2026-05-04T12:40:00.000Z,556.36,556.6,555,555.88,0
2026-05-04T12:45:00.000Z,555.85,556.525,555.65,555.8398,0
2026-05-04T12:50:00.000Z,555.8395,556,554.6943,555.37,0
2026-05-04T12:55:00.000Z,555.5,556.38,554.77,555.577,0
2026-05-04T13:00:00.000Z,555.5,555.64,552.8,555.39,0
2026-05-04T13:05:00.000Z,555.37,556.35,554.24,554.9,0
2026-05-04T13:10:00.000Z,554.92,555.7837,554.08,555.38,0
2026-05-04T13:15:00.000Z,555.29,556.48,554.7,556.2,0
2026-05-04T13:20:00.000Z,556.26,557.49,556,557.0075,0
2026-05-04T13:25:00.000Z,557.49,561.23,557.49,560.98,0
2026-05-04T13:30:00.000Z,560.8800048828125,571.469970703125,558.3200073242188,568.5700073242188,5513864
2026-05-04T13:35:00.000Z,568.5,578,566.780029296875,578,2001265
2026-05-04T13:40:00.000Z,578,580.8099975585938,575.2000122070312,579.5,1681144
2026-05-04T13:45:00.000Z,579.510009765625,586.2750244140625,578.030029296875,583.0155029296875,1599701
2026-05-04T13:50:00.000Z,583.0499877929688,589,581.1099853515625,588.3900146484375,1502744
2026-05-04T13:55:00.000Z,588.219970703125,589,585.0999755859375,588.72021484375,1049235
2026-05-04T14:00:00.000Z,588.760009765625,592.77001953125,587.010009765625,587.6400146484375,1352355
2026-05-04T14:05:00.000Z,587.5,590,585.72998046875,586.7999877929688,822503
2026-05-04T14:10:00.000Z,586.4885864257812,590.510009765625,586.1099853515625,587.9650268554688,753969
2026-05-04T14:15:00.000Z,588,590.8599853515625,586.22998046875,587.364990234375,758879
2026-05-04T14:20:00.000Z,587.364990234375,588.095703125,583.719970703125,585.1798706054688,860392
2026-05-04T14:25:00.000Z,584.8599853515625,586.4799194335938,581.2100219726562,581.6400146484375,714454
2026-05-04T14:30:00.000Z,581.5106811523438,583.989990234375,580.6400146484375,580.6644897460938,776248
2026-05-04T14:35:00.000Z,580.6599731445312,582.5800170898438,579.0800170898438,581.5850219726562,660236
2026-05-04T14:40:00.000Z,581.577880859375,585.7899780273438,581.0001220703125,585.7899780273438,653231
2026-05-04T14:45:00.000Z,585.7349853515625,586.5999755859375,583.97998046875,584.5551147460938,489239
2026-05-04T14:50:00.000Z,584.5549926757812,585,583.2100219726562,584.625,289645
2026-05-04T14:55:00.000Z,584.6799926757812,587.3800048828125,584.0499877929688,584.2999877929688,577003
2026-05-04T15:00:00.000Z,584.2849731445312,585.5,581.8300170898438,584.7100219726562,429346
2026-05-04T15:05:00.000Z,584.52001953125,586.3389892578125,582.8800048828125,585.7866821289062,465628
2026-05-04T15:10:00.000Z,585.7100219726562,585.989990234375,583.0900268554688,583.9299926757812,352801
2026-05-04T15:15:00.000Z,583.885009765625,584.510009765625,579.8300170898438,580.1500244140625,451861
2026-05-04T15:20:00.000Z,579.9199829101562,580.2100219726562,576.10009765625,577.4600219726562,805671
2026-05-04T15:25:00.000Z,577.530029296875,582.9099731445312,577.25,580.875,516365
2026-05-04T15:30:00.000Z,580.9998779296875,581.8699951171875,578.8416748046875,581.3099975585938,382909
2026-05-04T15:35:00.000Z,581.3200073242188,582.77001953125,579.0700073242188,580.4450073242188,354292
2026-05-04T15:40:00.000Z,580.4650268554688,583.739990234375,577.7000122070312,583.489990234375,553076
2026-05-04T15:45:00.000Z,583.4099731445312,583.9500122070312,581.510009765625,582.2249755859375,389473
2026-05-04T15:50:00.000Z,582.5700073242188,583.5800170898438,580.1599731445312,583.47998046875,285156
2026-05-04T15:55:00.000Z,583.2827758789062,584,580.5,581.22998046875,291527
2026-05-04T16:00:00.000Z,581.22998046875,581.6699829101562,580,580.52001953125,218856
2026-05-04T16:05:00.000Z,580.6199951171875,580.9600219726562,576.5,577.1900024414062,457526
2026-05-04T16:10:00.000Z,577.010009765625,577.6099853515625,575.4600830078125,576.1749877929688,422079
2026-05-04T16:15:00.000Z,575.9199829101562,578.7711181640625,573.0001220703125,577.8800048828125,624041
2026-05-04T16:20:00.000Z,577.9149780273438,580.0050048828125,577.3499755859375,579.5960083007812,365397
2026-05-04T16:25:00.000Z,579.77001953125,580.4298706054688,578.280029296875,579.030029296875,237774
2026-05-04T16:30:00.000Z,579.10498046875,579.489990234375,577.3099975585938,578.509521484375,237363
2026-05-04T16:35:00.000Z,578.5650024414062,578.6298828125,575.719970703125,576.2647094726562,276107
2026-05-04T16:40:00.000Z,576.135009765625,578.5599975585938,575.6699829101562,577.5150146484375,205542
2026-05-04T16:45:00.000Z,577.5150146484375,579.47998046875,577.5050048828125,579.239990234375,194929
2026-05-04T16:50:00.000Z,579.239990234375,579.280029296875,577.02001953125,578.4998779296875,213010
2026-05-04T16:55:00.000Z,578.4249877929688,579.780029296875,578.1099853515625,579.0800170898438,192862
2026-05-04T17:00:00.000Z,579.1599731445312,581.6500244140625,579,581.489990234375,337562
2026-05-04T17:05:00.000Z,581.3900146484375,582.1898803710938,580.3101196289062,580.6849975585938,294348
2026-05-04T17:10:00.000Z,580.6599731445312,580.9099731445312,579.0900268554688,579.6900024414062,216937
2026-05-04T17:15:00.000Z,579.6400146484375,581.8800048828125,578.8200073242188,581.403076171875,251228
2026-05-04T17:20:00.000Z,581.3599853515625,582.3400268554688,581.030029296875,581.4299926757812,429879
2026-05-04T17:25:00.000Z,581.469970703125,581.5800170898438,580.3001098632812,581.0599975585938,188222
2026-05-04T17:30:00.000Z,581.0599975585938,581.4199829101562,578.3699951171875,578.4869995117188,236906
2026-05-04T17:35:00.000Z,578.6199951171875,578.8499755859375,577.6199951171875,578.7050170898438,208809
2026-05-04T17:40:00.000Z,578.6107788085938,578.8098754882812,577.02001953125,577.2750244140625,775364
2026-05-04T17:45:00.000Z,577.2000122070312,577.4199829101562,575.2100219726562,575.9099731445312,425844
2026-05-04T17:50:00.000Z,575.8400268554688,577.72998046875,575.8099975585938,576.9400024414062,232177
2026-05-04T17:55:00.000Z,576.9099731445312,578.2000122070312,576.830078125,578.0001220703125,170669
2026-05-04T18:00:00.000Z,578.0999755859375,578.739990234375,576.510986328125,576.75,202164
2026-05-04T18:05:00.000Z,576.5200805664062,576.75,573.5701293945312,573.75,951131
2026-05-04T18:10:00.000Z,573.7999877929688,574.5700073242188,573.21142578125,573.5900268554688,257788
2026-05-04T18:15:00.000Z,573.5,573.9298706054688,571.5499877929688,571.9298706054688,362866
2026-05-04T18:20:00.000Z,571.8099975585938,573.6099853515625,571.7100219726562,573.3300170898438,240283
2026-05-04T18:25:00.000Z,573.3699951171875,575.0700073242188,572,574.864990234375,263815
2026-05-04T18:30:00.000Z,574.989990234375,575.4799194335938,574.52001953125,575.1950073242188,231866
2026-05-04T18:35:00.000Z,575.0499877929688,575.8795166015625,574.60498046875,575.3200073242188,209204
2026-05-04T18:40:00.000Z,575.4099731445312,576.219970703125,573.1701049804688,573.2800903320312,243262
2026-05-04T18:45:00.000Z,573.4075927734375,575.780029296875,572.5,575.7000122070312,256669
2026-05-04T18:50:00.000Z,575.780029296875,576.780029296875,575,576.2249755859375,289923
2026-05-04T18:55:00.000Z,576.2100219726562,577.780029296875,576.0399780273438,577.3350219726562,691851
2026-05-04T19:00:00.000Z,577.5,578.1798706054688,576.590087890625,578.0800170898438,221873
2026-05-04T19:05:00.000Z,578.1798706054688,580.0700073242188,577.8884887695312,578.510009765625,352690
2026-05-04T19:10:00.000Z,578.64501953125,579.6763916015625,577.7901000976562,577.8099975585938,257902
2026-05-04T19:15:00.000Z,578,579.0999755859375,577.8099975585938,578.10009765625,234136
2026-05-04T19:20:00.000Z,578.219970703125,578.5698852539062,576.5599975585938,577.760009765625,260621
2026-05-04T19:25:00.000Z,577.760009765625,578.9199829101562,577.0999755859375,578.64501953125,245654
2026-05-04T19:30:00.000Z,578.6199951171875,580.219970703125,578.260009765625,579.7899780273438,309796
2026-05-04T19:35:00.000Z,579.7999877929688,579.7999877929688,577,577.0150146484375,255638
2026-05-04T19:40:00.000Z,577.0599975585938,578.6900024414062,576.77001953125,578.469970703125,242325
2026-05-04T19:45:00.000Z,578.4000244140625,579.4400024414062,577.5,579.260009765625,263193
2026-05-04T19:50:00.000Z,579.260009765625,580.4400024414062,577.830078125,578.0623168945312,577972
2026-05-04T19:55:00.000Z,578.2899780273438,578.2899780273438,576,576.3599853515625,1065628
2026-05-04T20:00:00.000Z,576.45,580.867,574.01,575,0
2026-05-04T20:05:00.000Z,574.99,576.45,574.4,575.85,0
2026-05-04T20:10:00.000Z,575.79,576.45,574.6,576.03,0
2026-05-04T20:15:00.000Z,576,576.45,575.3,575.8999,0
2026-05-04T20:20:00.000Z,575.71,576.45,575.1,575.6,0
2026-05-04T20:25:00.000Z,575.5,577.69,575.3,577.32,0
2026-05-04T20:30:00.000Z,577.5,577.84,576.3201,576.79,0
2026-05-04T20:35:00.000Z,576.53,577.75,576.53,577.75,0
2026-05-04T20:40:00.000Z,577.5,578.5,577,578.0084,0
2026-05-04T20:45:00.000Z,578.0091,578.72,577.6,578.5,0
2026-05-04T20:50:00.000Z,578.35,579.45,578.2,578.5,0
2026-05-04T20:55:00.000Z,578.49,579.21,578.1,579.02,0
2026-05-04T21:00:00.000Z,579,579.5,578.87,579.11,0
2026-05-04T21:05:00.000Z,579.04,579.38,578.49,578.9993,0
2026-05-04T21:10:00.000Z,578.9983,579.39,578.9,579,0
2026-05-04T21:15:00.000Z,579,579.25,579,579.1,0
2026-05-04T21:20:00.000Z,579.15,579.25,579,579.02,0
2026-05-04T21:25:00.000Z,579.095,579.19,577.84,577.85,0
2026-05-04T21:30:00.000Z,578,578.89,577.63,578.8098,0
2026-05-04T21:35:00.000Z,578.85,578.88,578.26,578.3982,0
2026-05-04T21:40:00.000Z,578.3818,578.4,578,578.2,0
2026-05-04T21:45:00.000Z,578.2,578.2,578,578,0
2026-05-04T21:50:00.000Z,578.1,578.37,578,578.37,0
2026-05-04T21:55:00.000Z,578.37,578.7,578.25,578.66,0
2026-05-04T22:00:00.000Z,578.6,579.09,578.3,578.684,0
2026-05-04T22:05:00.000Z,578.68,579.5,578.5273,579.12,0
2026-05-04T22:10:00.000Z,579.2,579.2,578.12,578.35,0
2026-05-04T22:15:00.000Z,578.49,578.51,578.21,578.36,0
2026-05-04T22:20:00.000Z,578.2152,578.45,577.3689,578.45,0
2026-05-04T22:25:00.000Z,578.2,578.45,578,578.1199,0
2026-05-04T22:30:00.000Z,578.12,578.4,577.8,577.8,0
2026-05-04T22:35:00.000Z,577.6,577.84,577.31,577.51,0
2026-05-04T22:40:00.000Z,577.51,577.72,577.05,577.2,0
2026-05-04T22:45:00.000Z,577.2,577.6988,577.11,577.23,0
2026-05-04T22:50:00.000Z,577.47,577.47,576.45,577,0
2026-05-04T22:55:00.000Z,577,577.7,576.91,577.5,0
2026-05-04T23:00:00.000Z,577.6,577.62,577,577.24,0
2026-05-04T23:05:00.000Z,577.17,577.58,577.16,577.2747,0
2026-05-04T23:10:00.000Z,577.27,577.9528,577.18,577.88,0
2026-05-04T23:15:00.000Z,577.9,578.35,577.57,578.2,0
2026-05-04T23:20:00.000Z,578.2,578.49,577.8,577.8877,0
2026-05-04T23:25:00.000Z,577.78,577.9899,577.75,577.98,0
2026-05-04T23:30:00.000Z,577.9664,578.47,577.95,578.46,0
2026-05-04T23:35:00.000Z,578.46,578.5,578.0698,578.43,0
2026-05-04T23:40:00.000Z,578.45,578.5282,578.35,578.35,0
2026-05-04T23:45:00.000Z,578.3501,578.5,578.03,578.49,0
2026-05-04T23:50:00.000Z,578.45,578.5,577.75,578,0
2026-05-04T23:55:00.000Z,578,578.05,577.53,577.84,0
2026-05-05T08:00:00.000Z,589.53,590,576.45,589.98,0
2026-05-05T08:05:00.000Z,589.98,591,581.56,590.25,0
2026-05-05T08:10:00.000Z,590.3,591.8654,589.9,591.71,0
2026-05-05T08:15:00.000Z,591.7079,592.77,591.0318,592.69,0
2026-05-05T08:20:00.000Z,592.69,592.86,591.3,592.2,0
2026-05-05T08:25:00.000Z,592.2,593.28,591.69,592.6,0
2026-05-05T08:30:00.000Z,592.39,594.23,592.08,594.22,0
2026-05-05T08:35:00.000Z,594.25,596.9388,593.93,596,0
2026-05-05T08:40:00.000Z,596,597.78,595.5,597,0
2026-05-05T08:45:00.000Z,597,597.7,596.28,596.58,0
2026-05-05T08:50:00.000Z,596.58,596.81,594.85,595.9,0
2026-05-05T08:55:00.000Z,596,596.4988,595.0521,595.98,0
2026-05-05T09:00:00.000Z,595.8,596.4845,595.08,596.4655,0
2026-05-05T09:05:00.000Z,596.38,597.67,595.6,597.63,0
2026-05-05T09:10:00.000Z,597.4,597.5105,595.58,595.7,0
2026-05-05T09:15:00.000Z,595.6,595.9,595.05,595.4,0
2026-05-05T09:20:00.000Z,595.3844,596.5,595,596.48,0
2026-05-05T09:25:00.000Z,596.3,597,596,596.8844,0
2026-05-05T09:30:00.000Z,596.98,597.5,596.6003,596.94,0
2026-05-05T09:35:00.000Z,596.8,597,595.5012,595.7,0
2026-05-05T09:40:00.000Z,595.7,596.7,595.6,596.2462,0
2026-05-05T09:45:00.000Z,596.25,596.7,595.32,595.5,0
2026-05-05T09:50:00.000Z,595.34,595.6076,594.41,594.5,0
2026-05-05T09:55:00.000Z,594.6,595,594.07,594.68,0
2026-05-05T10:00:00.000Z,594.79,594.99,594.32,594.9192,0
2026-05-05T10:05:00.000Z,594.76,595,594,594.3,0
2026-05-05T10:10:00.000Z,594.46,596.19,594.25,595.5749,0
2026-05-05T10:15:00.000Z,595.59,596,595.01,595.4905,0
2026-05-05T10:20:00.000Z,595.17,596,595.1232,595.97,0
2026-05-05T10:25:00.000Z,595.9,596.8,595.5,595.81,0
2026-05-05T10:30:00.000Z,596.5209,597.78,595.69,597.78,0
2026-05-05T10:35:00.000Z,597.78,599.28,597.6,598.56,0
2026-05-05T10:40:00.000Z,598.56,599,597.5,598.13,0
2026-05-05T10:45:00.000Z,598.14,598.5,597.85,597.92,0
2026-05-05T10:50:00.000Z,597.95,598.53,597.15,597.94,0
2026-05-05T10:55:00.000Z,597.93,598,597.08,597.19,0
2026-05-05T11:00:00.000Z,597.16,601.1,576.45,599.49,0
2026-05-05T11:05:00.000Z,599.31,603,599.31,601.3,0
2026-05-05T11:10:00.000Z,601.33,601.98,600.4,600.4,0
2026-05-05T11:15:00.000Z,600.426,601.86,600.1,600.69,0
2026-05-05T11:20:00.000Z,600.69,602.3988,600.56,602.1,0
2026-05-05T11:25:00.000Z,601.99,604.78,601.7052,603.97,0
2026-05-05T11:30:00.000Z,603.97,604.33,603.1867,603.9563,0
2026-05-05T11:35:00.000Z,603.88,605.7,603.7,605.23,0
2026-05-05T11:40:00.000Z,605.2499,607,605,605.84,0
2026-05-05T11:45:00.000Z,605.8197,605.8197,603.6,604.1635,0
2026-05-05T11:50:00.000Z,604.1,604.79,603.61,603.73,0
2026-05-05T11:55:00.000Z,603.6103,604.34,602.6,603.16,0
2026-05-05T12:00:00.000Z,603.04,604.2,601.05,603.5,0
2026-05-05T12:05:00.000Z,603.46,604.73,602.95,603.2,0
2026-05-05T12:10:00.000Z,603.3,604.3,602.67,603.1073,0
2026-05-05T12:15:00.000Z,603.24,604.4,602.8959,603.12,0
2026-05-05T12:20:00.000Z,603.2,604.02,602.5,603.9,0
2026-05-05T12:25:00.000Z,603.9,604.01,603.17,603.3261,0
2026-05-05T12:30:00.000Z,603.33,604.1,576.45,603.63,0
2026-05-05T12:35:00.000Z,603.63,604.1,602.91,603.85,0
2026-05-05T12:40:00.000Z,603.9,603.9,603,603.2,0
2026-05-05T12:45:00.000Z,603.32,604.01,602.72,603.6255,0
2026-05-05T12:50:00.000Z,603.5597,603.75,602.8,603.13,0
2026-05-05T12:55:00.000Z,603.1448,603.43,601.9,602.2588,0
2026-05-05T13:00:00.000Z,602.23,606,602.12,605.9484,0
2026-05-05T13:05:00.000Z,605.98,605.98,604.15,604.55,0
2026-05-05T13:10:00.000Z,604.6,605.62,603.33,604.13,0
2026-05-05T13:15:00.000Z,604.12,606.44,603.75,606,0
2026-05-05T13:20:00.000Z,606.0297,607.97,605.5,606.0001,0
2026-05-05T13:25:00.000Z,606.16,612.5,606.16,609.65,0
2026-05-05T13:30:00.000Z,609.469970703125,617.5198974609375,605.469970703125,615.598388671875,7303861
2026-05-05T13:35:00.000Z,615.719970703125,627,615,626.719970703125,2299210
2026-05-05T13:40:00.000Z,626.6599731445312,631.2498779296875,622.52001953125,631.125,2090852
2026-05-05T13:45:00.000Z,631.25,634.7598876953125,626.2100219726562,627.364990234375,1940048
2026-05-05T13:50:00.000Z,627.3099975585938,631.8800048828125,626.6199951171875,628.3400268554688,1238428
2026-05-05T13:55:00.000Z,628.1900024414062,637.5599975585938,628.0999755859375,635.4400024414062,1556735
2026-05-05T14:00:00.000Z,635.4400024414062,638.47998046875,631.5399780273438,635,1217424
2026-05-05T14:05:00.000Z,635.119873046875,637.9099731445312,633,635.2000122070312,908823
2026-05-05T14:10:00.000Z,635.1724853515625,636.4400024414062,632.0120239257812,632.6849975585938,960864
2026-05-05T14:15:00.000Z,632.6849975585938,639,630.2999877929688,636.89501953125,1267775
2026-05-05T14:20:00.000Z,636.89501953125,646.760009765625,636.030029296875,645.8900146484375,1699682
2026-05-05T14:25:00.000Z,646.0084838867188,651.739990234375,645.5900268554688,645.8099975585938,1692866
2026-05-05T14:30:00.000Z,645.75,647.3499145507812,642.6900024414062,643.8800048828125,1012276
2026-05-05T14:35:00.000Z,643.9199829101562,644.1500244140625,638.239990234375,639.97998046875,987676
2026-05-05T14:40:00.000Z,639.53857421875,640.4500122070312,634.5,634.9099731445312,1122653
2026-05-05T14:45:00.000Z,634.8800048828125,639.22998046875,633.7000122070312,638.3513793945312,922106
2026-05-05T14:50:00.000Z,638.3400268554688,640.9699096679688,635.35009765625,640.8250122070312,784251
2026-05-05T14:55:00.000Z,640.7449951171875,642.1699829101562,636.614990234375,636.614990234375,773236
2026-05-05T15:00:00.000Z,636.6500244140625,637.1099853515625,634.3699951171875,636.5150146484375,634281
2026-05-05T15:05:00.000Z,636.5599975585938,637.2999877929688,633.7664794921875,634.4349975585938,651251
2026-05-05T15:10:00.000Z,634.5399780273438,637.5,632.8699951171875,637.1199951171875,568240
2026-05-05T15:15:00.000Z,637.1300048828125,639.2698974609375,636.219970703125,638.5650024414062,440337
2026-05-05T15:20:00.000Z,638.6300048828125,641.9799194335938,637.0125122070312,640.9099731445312,616953
2026-05-05T15:25:00.000Z,640.9949951171875,640.9949951171875,637,637.4299926757812,421141
2026-05-05T15:30:00.000Z,637.1500244140625,638.2979736328125,636.5700073242188,637.844970703125,387981
2026-05-05T15:35:00.000Z,637.8200073242188,639.8800048828125,637.7000122070312,638.7000122070312,342108
2026-05-05T15:40:00.000Z,638.5625,641,637.8499755859375,640.1500244140625,348644
2026-05-05T15:45:00.000Z,640.2999267578125,643.8400268554688,639.8101196289062,642.6900024414062,617126
2026-05-05T15:50:00.000Z,642.8098754882812,645.8599853515625,642.7999877929688,645.7999877929688,580961
2026-05-05T15:55:00.000Z,645.739990234375,647.0599975585938,643.5800170898438,644.6199951171875,746795
2026-05-05T16:00:00.000Z,644.5499877929688,645.7999267578125,642,645.3599853515625,429191
2026-05-05T16:05:00.000Z,645.3499755859375,646.2999877929688,644.219970703125,645.9949951171875,492302
2026-05-05T16:10:00.000Z,645.989990234375,649.7999877929688,645.5999755859375,649.3400268554688,595722
2026-05-05T16:15:00.000Z,649.2999877929688,649.5599975585938,644,644.1950073242188,539495
2026-05-05T16:20:00.000Z,644.1950073242188,646.280029296875,641.5399780273438,641.5499877929688,500049
2026-05-05T16:25:00.000Z,641.5399780273438,641.8599853515625,631.6303100585938,635.469970703125,1287817
2026-05-05T16:30:00.000Z,635.47998046875,636,630.3001098632812,633.1099853515625,1001341
2026-05-05T16:35:00.000Z,633.25,637,629.030029296875,629.5999755859375,895890
2026-05-05T16:40:00.000Z,629.5999755859375,633.9993896484375,628.0999755859375,632.7100219726562,884989
2026-05-05T16:45:00.000Z,632.7449951171875,638.97998046875,631.4199829101562,638.4000244140625,740087
2026-05-05T16:50:00.000Z,638.3599853515625,639.4500122070312,636.4299926757812,638.114990234375,426362
2026-05-05T16:55:00.000Z,638.114990234375,640.8699951171875,638.114990234375,640.0449829101562,463137
2026-05-05T17:00:00.000Z,639.9450073242188,641.8900146484375,639.1201171875,641.7750244140625,408716
2026-05-05T17:05:00.000Z,641.5999755859375,641.6900024414062,639.47998046875,640.9000854492188,303360
2026-05-05T17:10:00.000Z,640.9317016601562,641.010009765625,639.22998046875,640.6600952148438,292416
2026-05-05T17:15:00.000Z,640.7020263671875,644.489990234375,640.6599731445312,644.3300170898438,491040
2026-05-05T17:20:00.000Z,644.2899780273438,644.343994140625,641.9099731445312,642.639892578125,280802
2026-05-05T17:25:00.000Z,642.5499877929688,643.97998046875,642.4600830078125,642.875,248763
2026-05-05T17:30:00.000Z,642.875,642.969970703125,640.8200073242188,641.9650268554688,317136
2026-05-05T17:35:00.000Z,641.9650268554688,643.7999267578125,640.760009765625,641,282029
2026-05-05T17:40:00.000Z,640.8699951171875,641.2100219726562,639.5700073242188,640.6649780273438,293988
2026-05-05T17:45:00.000Z,640.6649780273438,641.5999755859375,639.97998046875,640.7150268554688,262170
2026-05-05T17:50:00.000Z,640.6400146484375,640.6400146484375,638.3800048828125,638.9598999023438,340482
2026-05-05T17:55:00.000Z,638.7899780273438,639.739990234375,638.139404296875,639.1898803710938,262145
2026-05-05T18:00:00.000Z,639.0050048828125,639.1900024414062,637.086669921875,638.8800048828125,253871
2026-05-05T18:05:00.000Z,638.8400268554688,640.530029296875,638.5,638.864990234375,335738
2026-05-05T18:10:00.000Z,638.9000244140625,639.340576171875,637.0800170898438,638.3001098632812,269238
2026-05-05T18:15:00.000Z,638.2999877929688,639.4000244140625,637.1004028320312,639.2698974609375,213639
2026-05-05T18:20:00.000Z,639.02001953125,639.9498901367188,638.6199951171875,638.8098754882812,214303
2026-05-05T18:25:00.000Z,638.7249755859375,643.3599853515625,638.6099853515625,642.6699829101562,461016
2026-05-05T18:30:00.000Z,642.510009765625,644.2899780273438,641.3699951171875,643.4650268554688,415247
2026-05-05T18:35:00.000Z,643.3200073242188,643.989990234375,642.6400756835938,642.7449951171875,245598
2026-05-05T18:40:00.000Z,642.6500244140625,644.25,642.6500244140625,643.6799926757812,263107
2026-05-05T18:45:00.000Z,643.6229248046875,643.9099731445312,641.77001953125,643.0250244140625,303028
2026-05-05T18:50:00.000Z,643.0250244140625,643.5,640.6400756835938,641.8599853515625,296513
2026-05-05T18:55:00.000Z,641.9299926757812,645.27001953125,640.8900146484375,644.8001098632812,385970
2026-05-05T19:00:00.000Z,644.7999877929688,646.3798828125,643.5599975585938,644.280029296875,426011
2026-05-05T19:05:00.000Z,644.2100219726562,645.6055297851562,643.4299926757812,645.1900024414062,282692
2026-05-05T19:10:00.000Z,645.3734741210938,646.7999877929688,644.182373046875,644.4249877929688,472515
2026-05-05T19:15:00.000Z,644.4249877929688,644.4799194335938,640.8090209960938,640.8800048828125,514944
2026-05-05T19:20:00.000Z,640.8800048828125,641.0899047851562,636.39599609375,637.6950073242188,628634
2026-05-05T19:25:00.000Z,637.7999877929688,638.7000122070312,636.8400268554688,637.010009765625,374655
2026-05-05T19:30:00.000Z,637.030029296875,639.47998046875,636.0599975585938,639.2550048828125,465650
2026-05-05T19:35:00.000Z,639.3699951171875,639.3699951171875,637.719970703125,638.3300170898438,291286
2026-05-05T19:40:00.000Z,638.239990234375,639.2000122070312,635.22998046875,638.760009765625,525346
2026-05-05T19:45:00.000Z,638.760009765625,640.530029296875,638.530029296875,639.5349731445312,441681
2026-05-05T19:50:00.000Z,639.2999877929688,640.22998046875,635.780029296875,636.1900024414062,711371
2026-05-05T19:55:00.000Z,636.1900024414062,640.5,635.3800048828125,640.489990234375,1429391
2026-05-05T20:00:00.000Z,640.4999,641.78,635,641.36,0
2026-05-05T20:05:00.000Z,641.31,641.75,639.5,640.27,0
2026-05-05T20:10:00.000Z,640.4179,643.38,640.2,642.6999,0
2026-05-05T20:15:00.000Z,642.36,644.94,636.21,644.5,0
2026-05-05T20:20:00.000Z,644.94,647.5,643.9,647.4797,0
2026-05-05T20:25:00.000Z,647.3,649.25,646.28,648.55,0
2026-05-05T20:30:00.000Z,648.55,648.63,645,646.52,0
2026-05-05T20:35:00.000Z,646.67,646.98,640.2,646.34,0
2026-05-05T20:40:00.000Z,646.56,646.64,643.11,644.21,0
2026-05-05T20:45:00.000Z,644.22,644.4899,642.4,643.8393,0
2026-05-05T20:50:00.000Z,643.84,645.3,643.5,643.9935,0
2026-05-05T20:55:00.000Z,644,646.4233,644,646.06,0
2026-05-05T21:00:00.000Z,646.175,646.56,645.239,646.2991,0
2026-05-05T21:05:00.000Z,646.3,648.95,640.2,648.7,0
2026-05-05T21:10:00.000Z,648.73,653.4,648.3432,651.33,0
2026-05-05T21:15:00.000Z,651.47,652,650.11,650.75,0
2026-05-05T21:20:00.000Z,650.71,651,648,650.62,0
2026-05-05T21:25:00.000Z,651.39,651.39,650,650.6684,0
2026-05-05T21:30:00.000Z,650.5105,652,649.73,652,0
2026-05-05T21:35:00.000Z,652,653.5,651.99,652.75,0
2026-05-05T21:40:00.000Z,652.774,657.5197,652.61,657,0
2026-05-05T21:45:00.000Z,657,664.78,657,661.59,0
2026-05-05T21:50:00.000Z,661.11,662,659.53,659.55,0
2026-05-05T21:55:00.000Z,659.64,662.26,659.64,660.2,0
2026-05-05T22:00:00.000Z,660.2,663.74,659.5,661.43,0
2026-05-05T22:05:00.000Z,661.5,662,658.33,659.7501,0
2026-05-05T22:10:00.000Z,659.83,663,658.36,662.87,0
2026-05-05T22:15:00.000Z,662.88,663.26,661,663.1,0
2026-05-05T22:20:00.000Z,663,665.42,661.99,665.07,0
2026-05-05T22:25:00.000Z,665.42,670.54,665.13,668.81,0
2026-05-05T22:30:00.000Z,669.15,669.5,665,667.5,0
2026-05-05T22:35:00.000Z,667.78,669,666.18,666.18,0
2026-05-05T22:40:00.000Z,666.22,669.98,665.05,669.96,0
2026-05-05T22:45:00.000Z,669.96,674.2,652.8,674.011,0
2026-05-05T22:50:00.000Z,674.0347,679,672,678.69,0
2026-05-05T22:55:00.000Z,678.35,684.95,678.24,681,0
2026-05-05T23:00:00.000Z,681.3529,681.67,672.3175,675.967,0
2026-05-05T23:05:00.000Z,675.99,677.8,674,677,0
2026-05-05T23:10:00.000Z,676.88,679.17,675,675.8,0
2026-05-05T23:15:00.000Z,675.97,676,670.06,672.39,0
2026-05-05T23:20:00.000Z,673,674.75,671.44,673.64,0
2026-05-05T23:25:00.000Z,673.77,675,670.2,672.31,0
2026-05-05T23:30:00.000Z,672.27,673.99,671.88,673.99,0
2026-05-05T23:35:00.000Z,674,674.5,672.8,674.348,0
2026-05-05T23:40:00.000Z,674.48,676.66,673.5,675.59,0
2026-05-05T23:45:00.000Z,675.37,675.88,673.8003,675.15,0
2026-05-05T23:50:00.000Z,675.12,675.3,673,674.12,0
2026-05-05T23:55:00.000Z,674.11,676.85,674,675.76,0
2026-05-06T08:00:00.000Z,677.04,680,640.2,676.39,0
2026-05-06T08:05:00.000Z,676.6,682.87,676.41,682.56,0
2026-05-06T08:10:00.000Z,682.86,684,672.36,682.592,0
2026-05-06T08:15:00.000Z,682.5,682.52,677,679,0
2026-05-06T08:20:00.000Z,678.8,679,676.66,678.4261,0
2026-05-06T08:25:00.000Z,678.9479,681,677.95,680.46,0
2026-05-06T08:30:00.000Z,680.68,681.1906,679.0012,680.41,0
2026-05-06T08:35:00.000Z,679.9657,681.96,679.27,681.96,0
2026-05-06T08:40:00.000Z,681.96,683.5,681.66,683.5,0
2026-05-06T08:45:00.000Z,683.5714,683.9739,681.5,681.89,0
2026-05-06T08:50:00.000Z,681.89,684.5,681.58,683.36,0
2026-05-06T08:55:00.000Z,683.17,685.75,682.25,682.729,0
2026-05-06T09:00:00.000Z,682.85,683.27,679.25,680.69,0
2026-05-06T09:05:00.000Z,680.53,682.0997,679.3,681.34,0
2026-05-06T09:10:00.000Z,680.9,682,679.69,680.63,0
2026-05-06T09:15:00.000Z,679.9,680.9527,678.5,680,0
2026-05-06T09:20:00.000Z,679.99,680,678,678.9,0
2026-05-06T09:25:00.000Z,678.8548,681,678.69,681,0
2026-05-06T09:30:00.000Z,681,682,679.62,681.5729,0
2026-05-06T09:35:00.000Z,681.5,683,681.45,682.55,0
2026-05-06T09:40:00.000Z,682.74,683.27,682,682.1,0
2026-05-06T09:45:00.000Z,682.7,682.7,679.2812,680,0
2026-05-06T09:50:00.000Z,680.01,680.5024,677.37,677.76,0
2026-05-06T09:55:00.000Z,678.5562,678.6,675.2,675.94,0
2026-05-06T10:00:00.000Z,675.6116,678.7312,675.5,676.8125,0
2026-05-06T10:05:00.000Z,676.9,677.2635,674.54,675.63,0
2026-05-06T10:10:00.000Z,675.7,676.26,674,675.61,0
2026-05-06T10:15:00.000Z,675.8,677.8,675.17,676.1,0
2026-05-06T10:20:00.000Z,675.5777,676.5,674.08,674.9988,0
2026-05-06T10:25:00.000Z,674.8583,674.9812,671.8,673.16,0
2026-05-06T10:30:00.000Z,673.0125,674.04,671.23,671.52,0
2026-05-06T10:35:00.000Z,671.5005,672.78,669,672,0
2026-05-06T10:40:00.000Z,672,673.95,670.51,673.2,0
2026-05-06T10:45:00.000Z,673.2,676.9,672.81,674.21,0
2026-05-06T10:50:00.000Z,674.35,676.6967,674,676.1988,0
2026-05-06T10:55:00.000Z,676.05,677.99,674.0344,674.97,0
2026-05-06T11:00:00.000Z,674.71,680,640.2,679.9999,0
2026-05-06T11:05:00.000Z,679.54,683.27,679.54,682,0
2026-05-06T11:10:00.000Z,682.15,683.27,679.5,680.9675,0
2026-05-06T11:15:00.000Z,680.99,682.9,680.2,680.58,0
2026-05-06T11:20:00.000Z,680.37,681.5,678.59,679.46,0
2026-05-06T11:25:00.000Z,679.47,680,677,678,0
2026-05-06T11:30:00.000Z,678,678.78,676.1,677.52,0
2026-05-06T11:35:00.000Z,677.49,679,677.06,678.3,0
2026-05-06T11:40:00.000Z,678.3,678.79,672.58,672.99,0
2026-05-06T11:45:00.000Z,672.72,674.99,672.58,673.6899,0
2026-05-06T11:50:00.000Z,673.69,676.48,673.01,674.96,0
2026-05-06T11:55:00.000Z,675.02,675.48,672.8,675.35,0
2026-05-06T12:00:00.000Z,675.225,676,667.89,669.5,0
2026-05-06T12:05:00.000Z,669.654,670,666.66,666.68,0
2026-05-06T12:10:00.000Z,666.83,668.88,665.61,666.28,0
2026-05-06T12:15:00.000Z,666.28,668.3,664,668.05,0
2026-05-06T12:20:00.000Z,668.047,670.5,667.5,668.2371,0
2026-05-06T12:25:00.000Z,668.57,669.45,667.5,668.9367,0
2026-05-06T12:30:00.000Z,669,670,665.2,667,0
2026-05-06T12:35:00.000Z,667.09,667.77,663.7,664.4739,0
2026-05-06T12:40:00.000Z,664.5,665.348,662.58,662.7,0
2026-05-06T12:45:00.000Z,662.739,667.4403,662.61,665.85,0
2026-05-06T12:50:00.000Z,665.851,669.57,665.76,667.288,0
2026-05-06T12:55:00.000Z,667.05,671,666.64,670.05,0
2026-05-06T13:00:00.000Z,670.479,670.479,666.23,666.85,0
2026-05-06T13:05:00.000Z,666.9884,667.3482,663.6,664.68,0
2026-05-06T13:10:00.000Z,664.58,667.47,664.06,666.5,0
2026-05-06T13:15:00.000Z,666.539,667.47,664,664.44,0
2026-05-06T13:20:00.000Z,664.47,667,662.87,666.45,0
2026-05-06T13:25:00.000Z,666.23,672.25,660.45,660.51,0
2026-05-06T13:30:00.000Z,660.4199829101562,660.7000122070312,641.0499877929688,659.780029296875,8102720
2026-05-06T13:35:00.000Z,659.489990234375,660,642.7550048828125,655.5010986328125,2080822
2026-05-06T13:40:00.000Z,655.5,662.5,653.010009765625,661.6599731445312,1482083
2026-05-06T13:45:00.000Z,661.6599731445312,662.8800048828125,653,654.4058837890625,1080986
2026-05-06T13:50:00.000Z,654.0599975585938,657.1199951171875,647.9000244140625,650.8200073242188,1022242
2026-05-06T13:55:00.000Z,650.8200073242188,654.7000122070312,647.280029296875,647.68408203125,1043802
2026-05-06T14:00:00.000Z,647.6500244140625,649,639,639.2100830078125,1436306
2026-05-06T14:05:00.000Z,639.2899780273438,647.5999755859375,636.3701171875,646.3200073242188,1363698
2026-05-06T14:10:00.000Z,646.3200073242188,647.1798706054688,638.030029296875,640.2999877929688,922140
2026-05-06T14:15:00.000Z,640.4600219726562,642.9998779296875,630.7940063476562,631.489990234375,1385291
2026-05-06T14:20:00.000Z,631.614990234375,634.77001953125,627.5800170898438,629.9600219726562,1363845
2026-05-06T14:25:00.000Z,629.9600219726562,636.4000244140625,627.6500244140625,628.7550048828125,1213298
2026-05-06T14:30:00.000Z,628.5499877929688,639.4099731445312,628.5499877929688,638.7349853515625,689725
2026-05-06T14:35:00.000Z,638.8599853515625,643.2598876953125,638.380126953125,642.89501953125,827990
2026-05-06T14:40:00.000Z,642.89501953125,648.4699096679688,642.2999877929688,646.082275390625,906738
2026-05-06T14:45:00.000Z,646.0504150390625,653.47998046875,646.0504150390625,653.381591796875,1113892
2026-05-06T14:50:00.000Z,653.4500122070312,657.3800048828125,650.6500244140625,654.8599853515625,902031
2026-05-06T14:55:00.000Z,655.0499877929688,657,653.52001953125,654.5399780273438,558983
2026-05-06T15:00:00.000Z,654.7000122070312,655.869873046875,650.9199829101562,655.1768798828125,808752
2026-05-06T15:05:00.000Z,655.2999877929688,656.9299926757812,652,653.4199829101562,636407
2026-05-06T15:10:00.000Z,653.4099731445312,658.7999877929688,653.0399780273438,657.5150146484375,956083
2026-05-06T15:15:00.000Z,657.5150146484375,662.1099853515625,656.1199951171875,661.7050170898438,744539
2026-05-06T15:20:00.000Z,661.7050170898438,664,659.9500122070312,662.587890625,624414
2026-05-06T15:25:00.000Z,662.5,667.6699829101562,662.0999755859375,667.0198974609375,741762
2026-05-06T15:30:00.000Z,667,667.2000122070312,662.9401245117188,663.4099731445312,784757
2026-05-06T15:35:00.000Z,663.364990234375,665.2000122070312,659.2401123046875,660.97998046875,637334
2026-05-06T15:40:00.000Z,660.7650146484375,661.9699096679688,657.8699951171875,660.405029296875,490078
2026-05-06T15:45:00.000Z,660.4650268554688,662,657.4100952148438,658.469970703125,447240
2026-05-06T15:50:00.000Z,658.3599853515625,661.5,657.8900146484375,659.5001220703125,337688
2026-05-06T15:55:00.000Z,659.8250122070312,661.1799926757812,657.1400146484375,658.8599853515625,259007
2026-05-06T16:00:00.000Z,658.7000122070312,660.989990234375,658.4000244140625,659.2949829101562,284414
2026-05-06T16:05:00.000Z,659.1799926757812,660.9389038085938,658.2000122070312,660,206629
2026-05-06T16:10:00.000Z,659.905029296875,662.9000244140625,659.6774291992188,660.8400268554688,357627
2026-05-06T16:15:00.000Z,660.8599853515625,660.989990234375,652.6300048828125,653.0474243164062,488861
2026-05-06T16:20:00.000Z,653,655.8099975585938,651.6599731445312,651.7750244140625,632531
2026-05-06T16:25:00.000Z,651.8350219726562,654.2000122070312,651.3994140625,652.0700073242188,327325
2026-05-06T16:30:00.000Z,652.0999145507812,653.1900024414062,650.4500732421875,650.7650146484375,338351
2026-05-06T16:35:00.000Z,650.75,654.29248046875,649.5001220703125,653.8200073242188,448100
2026-05-06T16:40:00.000Z,653.72998046875,655.4000244140625,652.8309936523438,653,364511
2026-05-06T16:45:00.000Z,653,653.5,650.5200805664062,651.27001953125,206123
2026-05-06T16:50:00.000Z,651.110107421875,653.5,651.110107421875,653.4299926757812,176967
2026-05-06T16:55:00.000Z,653.3499755859375,653.4500122070312,650.489990234375,652,207012
2026-05-06T17:00:00.000Z,651.780029296875,654.7999877929688,651.530029296875,653.6600952148438,199801
2026-05-06T17:05:00.000Z,653.8300170898438,654.9298706054688,652.5,653.780029296875,183063
2026-05-06T17:10:00.000Z,653.8300170898438,655.780029296875,651.5501098632812,652.4299926757812,317985
2026-05-06T17:15:00.000Z,652.6599731445312,653.6123046875,651.8200073242188,652.47998046875,169869
2026-05-06T17:20:00.000Z,652.6099853515625,653.9000244140625,651.1865844726562,651.4000244140625,183741
2026-05-06T17:25:00.000Z,651.2999877929688,652.280029296875,649.530029296875,651.6901245117188,259910
2026-05-06T17:30:00.000Z,651.6900024414062,652.760009765625,650.176025390625,651.4500122070312,159755
2026-05-06T17:35:00.000Z,651.4500122070312,655.4199829101562,651.0999755859375,654.1024169921875,261914
2026-05-06T17:40:00.000Z,654.2849731445312,657.3599853515625,653.3200073242188,656.8200073242188,277347
2026-05-06T17:45:00.000Z,656.97998046875,657.5,652.1300048828125,653.010009765625,263505
2026-05-06T17:50:00.000Z,652.989990234375,653.9500122070312,651.5999755859375,653.5399780273438,162521
2026-05-06T17:55:00.000Z,653.4400024414062,653.97998046875,652.2567138671875,652.4500122070312,149009
2026-05-06T18:00:00.000Z,652.2999877929688,653.5900268554688,652.2999877929688,652.8250122070312,197119
2026-05-06T18:05:00.000Z,652.989990234375,654.5698852539062,652.7301025390625,653.60498046875,190524
2026-05-06T18:10:00.000Z,653.5999755859375,654.0800170898438,652.4000244140625,653.344970703125,412224
2026-05-06T18:15:00.000Z,653.5999145507812,654.6599731445312,653.1400146484375,653.5700073242188,137982
2026-05-06T18:20:00.000Z,653.7849731445312,654.1500244140625,652.5599975585938,652.9099731445312,141104
2026-05-06T18:25:00.000Z,653,654.2100219726562,651.697021484375,653.4299926757812,239073
2026-05-06T18:30:00.000Z,653.4299926757812,658.3800048828125,653.0999755859375,657.8300170898438,281432
2026-05-06T18:35:00.000Z,657.8300170898438,659.8499145507812,657.7000122070312,658.3200073242188,362344
2026-05-06T18:40:00.000Z,658.2100830078125,658.4199829101562,657,657.1875,178978
2026-05-06T18:45:00.000Z,657.4199829101562,657.5800170898438,655.4500122070312,656.0700073242188,186913
2026-05-06T18:50:00.000Z,655.9204711914062,657.489990234375,655.7750244140625,657.0800170898438,154113
2026-05-06T18:55:00.000Z,657.0800170898438,659.0598754882812,656.830078125,657.7401123046875,215077
2026-05-06T19:00:00.000Z,657.739990234375,658.1400146484375,656.9500122070312,657.5499877929688,160449
2026-05-06T19:05:00.000Z,657.6099853515625,658.719970703125,655.6599731445312,658.468994140625,232432
2026-05-06T19:10:00.000Z,658.5458984375,660.47998046875,658,659.6500244140625,336884
2026-05-06T19:15:00.000Z,659.780029296875,660.7000122070312,657.880126953125,658.5050048828125,248037
2026-05-06T19:20:00.000Z,658.4360961914062,659.8900146484375,658.080078125,659.6849975585938,165808
2026-05-06T19:25:00.000Z,659.8599243164062,663.22998046875,659.3800048828125,661.7999877929688,361094
2026-05-06T19:30:00.000Z,661.7999877929688,662.219970703125,659.2000732421875,659.27001953125,652669
2026-05-06T19:35:00.000Z,659.27001953125,660.9400024414062,659.2000122070312,660.2000122070312,184420
2026-05-06T19:40:00.000Z,660.0518798828125,661.489990234375,660.0162963867188,660.4149780273438,280888
2026-05-06T19:45:00.000Z,660.219970703125,661.47998046875,659.6099853515625,660.2999877929688,258538
2026-05-06T19:50:00.000Z,660.1500244140625,661.5,657.9749755859375,660.7650146484375,557750
2026-05-06T19:55:00.000Z,660.7650146484375,667.25,660.7650146484375,666.9000244140625,1706691
2026-05-06T20:00:00.000Z,666.59,669,664.47,666.72,0
2026-05-06T20:05:00.000Z,666.86,667.4,665.3,666.1997,0
2026-05-06T20:10:00.000Z,666.56,671.34,666.11,671.25,0
2026-05-06T20:15:00.000Z,671.189,672.97,666.59,670.13,0
2026-05-06T20:20:00.000Z,670.5,672,651.659,670.58,0
2026-05-06T20:25:00.000Z,670.95,670.97,666.63,666.75,0
2026-05-06T20:30:00.000Z,667.24,668,664,664.1222,0
2026-05-06T20:35:00.000Z,664.63,665.55,661,661.51,0
2026-05-06T20:40:00.000Z,661.51,664.49,661.51,663.5,0
2026-05-06T20:45:00.000Z,663.17,664,662.99,663.45,0
2026-05-06T20:50:00.000Z,663.31,664,657.25,657.55,0
2026-05-06T20:55:00.000Z,657.42,661.48,657,661.48,0
2026-05-06T21:00:00.000Z,661.4515,663,660.34,661.7096,0
2026-05-06T21:05:00.000Z,661.71,665,660.75,663.15,0
2026-05-06T21:10:00.000Z,663,663.42,660,660.74,0
2026-05-06T21:15:00.000Z,661,662,659.3,659.7,0
2026-05-06T21:20:00.000Z,659.7,659.99,658.26,658.58,0
2026-05-06T21:25:00.000Z,659.65,659.9,656.6,656.7,0
2026-05-06T21:30:00.000Z,656.9499,657.59,654.01,656.4,0
2026-05-06T21:35:00.000Z,656.62,658.7,654.6735,655.4625,0
2026-05-06T21:40:00.000Z,655.46,666.59,651.1644,652.28,0
2026-05-06T21:45:00.000Z,652.01,656,652,653.6,0
2026-05-06T21:50:00.000Z,654.62,655,651.05,652,0
2026-05-06T21:55:00.000Z,651.88,655.02,651.88,654.88,0
2026-05-06T22:00:00.000Z,655,658.5,654.9478,658,0
2026-05-06T22:05:00.000Z,658,658.35,656.49,656.9,0
2026-05-06T22:10:00.000Z,657,657.99,656.26,656.51,0
2026-05-06T22:15:00.000Z,657.39,657.39,655.36,656.02,0
2026-05-06T22:20:00.000Z,656.38,657.3,654,655.45,0
2026-05-06T22:25:00.000Z,655.03,656.9,653.45,654.23,0
2026-05-06T22:30:00.000Z,654.8,656.8,654.47,655.7,0
2026-05-06T22:35:00.000Z,655.56,657.97,655.5,657.4,0
2026-05-06T22:40:00.000Z,657.2,657.7,656,657.3,0
2026-05-06T22:45:00.000Z,657.3,657.97,657,657.96,0
2026-05-06T22:50:00.000Z,657.93,659,657.76,658.9,0
2026-05-06T22:55:00.000Z,659,659.5,657.24,658.1,0
2026-05-06T23:00:00.000Z,658,658.2,657.27,657.5,0
2026-05-06T23:05:00.000Z,657.4086,659.45,657.27,658.5,0
2026-05-06T23:10:00.000Z,658.99,662,658.99,660.1,0
2026-05-06T23:15:00.000Z,660.32,662,659,662,0
2026-05-06T23:20:00.000Z,661.993,662,660,661.5,0
2026-05-06T23:25:00.000Z,661.65,661.78,660.01,660.4341,0
2026-05-06T23:30:00.000Z,660.28,660.49,658,659.97,0
2026-05-06T23:35:00.000Z,659.97,660.75,659.75,659.75,0
2026-05-06T23:40:00.000Z,659.91,660.37,658.51,658.51,0
2026-05-06T23:45:00.000Z,658.99,659.95,657.95,658.01,0
2026-05-06T23:50:00.000Z,658,659,657.3,658.4993,0
2026-05-06T23:55:00.000Z,658.5,659,657.46,658.9999,0
2026-05-07T08:00:00.000Z,656,671.69,656,670.97,0
2026-05-07T08:05:00.000Z,670.97,671.47,657.47,657.91,0
2026-05-07T08:10:00.000Z,663.92,671.48,657.02,664.42,0
2026-05-07T08:15:00.000Z,664.51,665,663.5,663.8,0
2026-05-07T08:20:00.000Z,664,665.5,663.8,665.39,0
2026-05-07T08:25:00.000Z,665.5,665.5,660.6,661.62,0
2026-05-07T08:30:00.000Z,661,663,661,662.2051,0
2026-05-07T08:35:00.000Z,662.1532,664,661.8,663,0
2026-05-07T08:40:00.000Z,662,662.9997,659.511,659.66,0
2026-05-07T08:45:00.000Z,660,660.2,658.5,659,0
2026-05-07T08:50:00.000Z,659.415,660.9988,659.1012,659.55,0
2026-05-07T08:55:00.000Z,659.78,660,658.2675,659.75,0
2026-05-07T09:00:00.000Z,659.75,659.88,656.62,657.3231,0
2026-05-07T09:05:00.000Z,657.2,657.2,654.17,656.4,0
2026-05-07T09:10:00.000Z,656.06,657.07,655,655.05,0
2026-05-07T09:15:00.000Z,655.25,657,653.51,656.6809,0
2026-05-07T09:20:00.000Z,657,657,655.56,655.56,0
2026-05-07T09:25:00.000Z,655.5,656.66,655.12,656.4153,0
2026-05-07T09:30:00.000Z,656.16,656.5,654.86,655.24,0
2026-05-07T09:35:00.000Z,655.25,655.98,654.9,655.08,0
2026-05-07T09:40:00.000Z,655.4,655.74,654.73,655.27,0
2026-05-07T09:45:00.000Z,654.8,657.81,654.32,657.81,0
2026-05-07T09:50:00.000Z,657.45,657.8825,654.01,654.01,0
2026-05-07T09:55:00.000Z,654.06,654.06,650.2,651.7,0
2026-05-07T10:00:00.000Z,651.6,652.81,649.68,650.29,0
2026-05-07T10:05:00.000Z,650.35,650.6665,646.15,648.5,0
2026-05-07T10:10:00.000Z,648.84,650.9614,646.5,649.6,0
2026-05-07T10:15:00.000Z,649.6,650,647.54,647.9192,0
2026-05-07T10:20:00.000Z,647.54,652,647.5,651.55,0
2026-05-07T10:25:00.000Z,651.55,652.98,649.5544,650.48,0
2026-05-07T10:30:00.000Z,650.9755,651.9,650.02,651.7,0
2026-05-07T10:35:00.000Z,651.7,653,651.69,652.85,0
2026-05-07T10:40:00.000Z,652.8413,653.4911,651.75,653.4911,0
2026-05-07T10:45:00.000Z,653.3635,653.73,652.47,652.47,0
2026-05-07T10:50:00.000Z,652.5,653.69,651.9,653.21,0
2026-05-07T10:55:00.000Z,653.21,653.69,652.5,653.39,0
2026-05-07T11:00:00.000Z,653.5,666.59,651,654,0
2026-05-07T11:05:00.000Z,654.54,654.9,651.98,652.41,0
2026-05-07T11:10:00.000Z,652.5,652.97,649.87,650.89,0
2026-05-07T11:15:00.000Z,650.8391,653.5,650.3,652.99,0
2026-05-07T11:20:00.000Z,652.94,653.5,651,653.4999,0
2026-05-07T11:25:00.000Z,653.3,653.6,651.79,652.08,0
2026-05-07T11:30:00.000Z,652.1,652.9988,650.05,650.51,0
2026-05-07T11:35:00.000Z,650.58,653,650.3672,652.5,0
2026-05-07T11:40:00.000Z,652.83,654.8,652.5,653.7739,0
2026-05-07T11:45:00.000Z,653.79,654.1085,652,652.5,0
2026-05-07T11:50:00.000Z,652.98,653.5,651.99,653.36,0
2026-05-07T11:55:00.000Z,653.5544,655.23,653.36,654.4785,0
2026-05-07T12:00:00.000Z,654.3,654.5,651.6,652.5411,0
2026-05-07T12:05:00.000Z,652.5304,652.78,651,652.0012,0
2026-05-07T12:10:00.000Z,652.35,652.75,651.88,652.34,0
2026-05-07T12:15:00.000Z,652.45,652.6788,650.73,651.1,0
2026-05-07T12:20:00.000Z,651.01,652.75,650,651.61,0
2026-05-07T12:25:00.000Z,651.01,651.87,649,650.35,0
2026-05-07T12:30:00.000Z,649.9127,652.82,648.23,652.7385,0
2026-05-07T12:35:00.000Z,652.7,654.99,652.52,654.99,0
2026-05-07T12:40:00.000Z,654.98,656.35,653.23,655,0
2026-05-07T12:45:00.000Z,655,656.5897,653.69,654,0
2026-05-07T12:50:00.000Z,654.24,654.5,653.08,653.3645,0
2026-05-07T12:55:00.000Z,653.26,654.55,652.57,653,0
2026-05-07T13:00:00.000Z,652.81,653.26,651.5,652.6216,0
2026-05-07T13:05:00.000Z,652.79,653.26,651.8,652.88,0
2026-05-07T13:10:00.000Z,652.68,655.5,652.14,654.9,0
2026-05-07T13:15:00.000Z,654.55,654.9,652.6,653.34,0
2026-05-07T13:20:00.000Z,653.3727,654.8,652.56,654.3,0
2026-05-07T13:25:00.000Z,654.01,654.01,647,650,0
2026-05-07T13:30:00.000Z,650.3599853515625,658,645.3200073242188,655.3599853515625,3557487
2026-05-07T13:35:00.000Z,655.3599853515625,656.2399291992188,650.2509765625,653.9799194335938,727246
2026-05-07T13:40:00.000Z,653.7767944335938,654.1998901367188,643.1300048828125,644.4600219726562,1036133
2026-05-07T13:45:00.000Z,644.4650268554688,650.9099731445312,641,650.5,1000635
2026-05-07T13:50:00.000Z,650.6599731445312,661.6199951171875,650.5001220703125,660.9249877929688,1826729
2026-05-07T13:55:00.000Z,661.1367797851562,663.9000244140625,658.25,659.7999877929688,980592
2026-05-07T14:00:00.000Z,660,661.8699951171875,658.1500244140625,661.3200073242188,724434
2026-05-07T14:05:00.000Z,661.3400268554688,671.1099243164062,659.010009765625,670.1699829101562,1257238
2026-05-07T14:10:00.000Z,670.3300170898438,671.9000244140625,666.5,667.6199951171875,877123
2026-05-07T14:15:00.000Z,667.8197021484375,677.4998779296875,667.3599853515625,675.780029296875,1181460
2026-05-07T14:20:00.000Z,675.6400146484375,683.0900268554688,675.5701293945312,676.4400024414062,1263066
2026-05-07T14:25:00.000Z,676.6300048828125,679.4500122070312,676.0786743164062,677,502605
2026-05-07T14:30:00.000Z,677.135009765625,677.7418212890625,673.3800048828125,673.9650268554688,502576
2026-05-07T14:35:00.000Z,673.8900146484375,680.3400268554688,673.4199829101562,679.5399780273438,575624
2026-05-07T14:40:00.000Z,679.6146240234375,680.6199951171875,673.3800048828125,674.3300170898438,571336
2026-05-07T14:45:00.000Z,674.1500244140625,674.7999877929688,668,669.3099975585938,585088
2026-05-07T14:50:00.000Z,669.1099853515625,669.6699829101562,666.2000122070312,668.6500244140625,471309
2026-05-07T14:55:00.000Z,668.8099975585938,671.9299926757812,668.0999755859375,668.3906860351562,501648
2026-05-07T15:00:00.000Z,668.3099975585938,668.6298828125,663.3800048828125,663.9849853515625,475364
2026-05-07T15:05:00.000Z,664.1113891601562,665.3800048828125,661.1099853515625,664.010009765625,654048
2026-05-07T15:10:00.000Z,664.27001953125,664.6500244140625,659.4099731445312,659.4749755859375,584528
2026-05-07T15:15:00.000Z,659.5399780273438,661.760009765625,659.1300048828125,660.0999755859375,418447
2026-05-07T15:20:00.000Z,660.1699829101562,661.5999755859375,659.010009765625,660.9500122070312,340972
2026-05-07T15:25:00.000Z,660.7899780273438,663.75,659.719970703125,661.2999877929688,446852
2026-05-07T15:30:00.000Z,661.3900146484375,662.5888061523438,659.8001098632812,661.6510009765625,390094
2026-05-07T15:35:00.000Z,661.7000122070312,663.72998046875,661.4299926757812,661.7750244140625,321978
2026-05-07T15:40:00.000Z,661.9500122070312,662.489990234375,659.5601196289062,661.25,265561
2026-05-07T15:45:00.000Z,661.25,662.2999877929688,658.010009765625,658.780029296875,357555
2026-05-07T15:50:00.000Z,658.8900146484375,659.2100219726562,653.02001953125,653.47998046875,742847
2026-05-07T15:55:00.000Z,653.2899780273438,653.739990234375,647.6799926757812,648.8699951171875,894620
2026-05-07T16:00:00.000Z,648.7999877929688,653.5999755859375,647.3200073242188,650.010009765625,756767
2026-05-07T16:05:00.000Z,650.010009765625,650.510009765625,645.25,647.0650024414062,817623
2026-05-07T16:10:00.000Z,646.989990234375,647.5798950195312,640.9201049804688,643.3099975585938,780640
2026-05-07T16:15:00.000Z,643.469970703125,643.469970703125,637.0700073242188,641.8499755859375,1062999
2026-05-07T16:20:00.000Z,641.8499755859375,643.9000244140625,639.1799926757812,643.89990234375,625316
2026-05-07T16:25:00.000Z,643.6950073242188,644.75,640.7000122070312,641.3900146484375,557676
2026-05-07T16:30:00.000Z,641.3800048828125,647.7050170898438,640.7000122070312,646.5900268554688,535155
2026-05-07T16:35:00.000Z,646.614990234375,647.139892578125,642.8300170898438,643.5189819335938,372227
2026-05-07T16:40:00.000Z,643.6599731445312,648,643.243408203125,646.9498901367188,364634
2026-05-07T16:45:00.000Z,646.6500244140625,647.9000244140625,646,647.7999877929688,262237
2026-05-07T16:50:00.000Z,647.9000244140625,649.4398803710938,644.6300048828125,649.280029296875,397089
2026-05-07T16:55:00.000Z,649.1799926757812,649.9000244140625,645.2999877929688,647.2249755859375,289936
2026-05-07T17:00:00.000Z,647.2750854492188,648.5,645.8300170898438,646.4025268554688,210001
2026-05-07T17:05:00.000Z,646.8400268554688,647.5,644.5,644.5499877929688,256282
2026-05-07T17:10:00.000Z,644.5499877929688,644.8499755859375,641.52001953125,642.2999877929688,344852
2026-05-07T17:15:00.000Z,642.1900024414062,642.6099243164062,638.0999755859375,638.5700073242188,502172
2026-05-07T17:20:00.000Z,638.7899780273438,643.6599731445312,637.719970703125,642.4000244140625,391427
2026-05-07T17:25:00.000Z,642.25,643.3837280273438,635.5499877929688,638.75,574906
2026-05-07T17:30:00.000Z,638.97998046875,642.669921875,638.0399780273438,642.0449829101562,361836
2026-05-07T17:35:00.000Z,642.10498046875,645.96240234375,641.5800170898438,644.6699829101562,367274
2026-05-07T17:40:00.000Z,644.6599731445312,645.9899291992188,642.7999877929688,643.2100219726562,270475
2026-05-07T17:45:00.000Z,643,644.2249755859375,642.72998046875,643.1900024414062,195291
2026-05-07T17:50:00.000Z,643.344970703125,643.344970703125,640.6500244140625,641.8049926757812,231060
2026-05-07T17:55:00.000Z,641.9299926757812,647.14990234375,641.2999877929688,646.8800048828125,426283
2026-05-07T18:00:00.000Z,647.1099853515625,648.02001953125,646.1599731445312,647.1849975585938,358564
2026-05-07T18:05:00.000Z,647.4000244140625,648.0800170898438,644.0499877929688,644.47998046875,317400
2026-05-07T18:10:00.000Z,644.5032958984375,645.9799194335938,643,644.0349731445312,261000
2026-05-07T18:15:00.000Z,644.47998046875,646.510009765625,643.9000854492188,645.2249755859375,177830
2026-05-07T18:20:00.000Z,645,645.3499755859375,641.510009765625,641.7899780273438,255070
2026-05-07T18:25:00.000Z,641.8900146484375,641.8900146484375,639.280029296875,640.8699951171875,302805
2026-05-07T18:30:00.000Z,640.7349853515625,643.4481811523438,640.590087890625,642.47998046875,246211
2026-05-07T18:35:00.000Z,642.239990234375,643.319580078125,640.8599853515625,642.7349853515625,191389
2026-05-07T18:40:00.000Z,642.7349853515625,643.5,639.8099975585938,640.2150268554688,216929
2026-05-07T18:45:00.000Z,640.219970703125,640.6900024414062,636.2600708007812,638.57568359375,290124
2026-05-07T18:50:00.000Z,638.5700073242188,638.75,635.7999877929688,637.139892578125,389946
2026-05-07T18:55:00.000Z,636.8049926757812,640.1500244140625,635.4201049804688,639.6998901367188,372065
2026-05-07T19:00:00.000Z,639.5549926757812,641.7899169921875,639.5549926757812,641.2000122070312,245288
2026-05-07T19:05:00.000Z,641.2000732421875,641.7999877929688,639.2000122070312,639.489990234375,286295
2026-05-07T19:10:00.000Z,639.635009765625,643.969970703125,639.0999755859375,643.1699829101562,310478
2026-05-07T19:15:00.000Z,643.02001953125,643.7100219726562,640.6436767578125,641.4099731445312,273363
2026-05-07T19:20:00.000Z,641.280029296875,641.619873046875,639.3400268554688,639.47998046875,188781
2026-05-07T19:25:00.000Z,639.6099853515625,641.1599731445312,638.4299926757812,639.2999877929688,271307
2026-05-07T19:30:00.000Z,639.3400268554688,643.1998901367188,639.114990234375,642.7949829101562,282654
2026-05-07T19:35:00.000Z,642.9400024414062,645.8499145507812,642.2999877929688,645.5,381598
2026-05-07T19:40:00.000Z,645.6199951171875,647.4498901367188,645.4000244140625,647.2999877929688,404253
2026-05-07T19:45:00.000Z,647.4500122070312,648.75,646.3300170898438,647.489990234375,402372
2026-05-07T19:50:00.000Z,647.780029296875,649.2999877929688,645.9000244140625,647.780029296875,704984
2026-05-07T19:55:00.000Z,647.969970703125,647.969970703125,645.52001953125,646.6754150390625,939167
2026-05-07T20:00:00.000Z,646.661,654.1624,645.3,649.4,0
2026-05-07T20:05:00.000Z,649.4,653.4094,646.6268,647.99,0
2026-05-07T20:10:00.000Z,647.5985,648.17,646,646.88,0
2026-05-07T20:15:00.000Z,647,649.46,646.63,648,0
2026-05-07T20:20:00.000Z,648,649,647.06,647.39,0
2026-05-07T20:25:00.000Z,647.08,648,647.06,647.3504,0
2026-05-07T20:30:00.000Z,647.2,648,646.51,647,0
2026-05-07T20:35:00.000Z,647.04,647.27,642.08,642.09,0
2026-05-07T20:40:00.000Z,642.1,646.63,642.09,643.6,0
2026-05-07T20:45:00.000Z,644.27,645,643.48,643.89,0
2026-05-07T20:50:00.000Z,643.98,646.63,642.1,642.68,0
2026-05-07T20:55:00.000Z,642.3,643.5,641.23,642.8,0
2026-05-07T21:00:00.000Z,643.1667,643.5,642,642.46,0
2026-05-07T21:05:00.000Z,642.5152,642.85,640.88,640.88,0
2026-05-07T21:10:00.000Z,641.15,641.4,640.4,640.9,0
2026-05-07T21:15:00.000Z,640.8495,642,640.75,641.75,0
2026-05-07T21:20:00.000Z,641.85,643,641.75,642,0
2026-05-07T21:25:00.000Z,642.1,643,641.5,642.99,0
2026-05-07T21:30:00.000Z,642.9285,644,642.3,642.6699,0
2026-05-07T21:35:00.000Z,642.46,643.2,641.8827,642,0
2026-05-07T21:40:00.000Z,641.8307,642,640.75,640.8565,0
2026-05-07T21:45:00.000Z,640.78,641,638.05,638.6,0
2026-05-07T21:50:00.000Z,638.04,639.28,637.18,638.6801,0
2026-05-07T21:55:00.000Z,638.68,640.6588,636.8,640,0
2026-05-07T22:00:00.000Z,639.88,649.5,639.75,641.65,0
2026-05-07T22:05:00.000Z,641.48,641.99,640.2,641.05,0
2026-05-07T22:10:00.000Z,641.3,643,640.52,642,0
2026-05-07T22:15:00.000Z,642.25,644,641.19,643.6651,0
2026-05-07T22:20:00.000Z,643.33,645.4,642.4,645.4,0
2026-05-07T22:25:00.000Z,645.39,648.18,645,645.64,0
2026-05-07T22:30:00.000Z,645.64,645.65,643.31,643.49,0
2026-05-07T22:35:00.000Z,643.5,644.7,642.67,643.42,0
2026-05-07T22:40:00.000Z,643.98,644.4,642.16,642.1934,0
2026-05-07T22:45:00.000Z,643,644,641.4001,642,0
2026-05-07T22:50:00.000Z,642.03,643.2,642.01,642.3,0
2026-05-07T22:55:00.000Z,642.3,643.18,641.6574,642.42,0
2026-05-07T23:00:00.000Z,642.1,643.9988,642,642.6178,0
2026-05-07T23:05:00.000Z,642.78,643.59,642,643.0187,0
2026-05-07T23:10:00.000Z,643.11,644.7,643.11,643.5364,0
2026-05-07T23:15:00.000Z,643.5,644.6699,642.9,643.79,0
2026-05-07T23:20:00.000Z,643.81,645.5,643.7,644.88,0
2026-05-07T23:25:00.000Z,644.5734,645.3,644.5,644.74,0
2026-05-07T23:30:00.000Z,644.74,644.75,643.12,644.1897,0
2026-05-07T23:35:00.000Z,644.19,644.43,643,643.5,0
2026-05-07T23:40:00.000Z,643.21,644.47,642.8,644.47,0
2026-05-07T23:45:00.000Z,644.48,645,643.76,644.4499,0
2026-05-07T23:50:00.000Z,644.2,644.95,643.75,644.8,0
2026-05-07T23:55:00.000Z,644.8,644.872,643.0801,643.45,0
2026-05-08T08:00:00.000Z,655.67,662.0057,646.63,659.04,0
2026-05-08T08:05:00.000Z,659.03,661.95,650.9,661.63,0
2026-05-08T08:10:00.000Z,661.6477,662,660.1,660.55,0
2026-05-08T08:15:00.000Z,660.55,661,658.81,659.85,0
2026-05-08T08:20:00.000Z,660,660.47,658.5,659.2007,0
2026-05-08T08:25:00.000Z,659.49,660.35,659.25,660.35,0
2026-05-08T08:30:00.000Z,660.12,662.99,659.79,662.92,0
2026-05-08T08:35:00.000Z,662.92,663.7,661.5003,662.18,0
2026-05-08T08:40:00.000Z,662,662,660.4003,662,0
2026-05-08T08:45:00.000Z,661.7,662.9671,661.35,662.65,0
2026-05-08T08:50:00.000Z,662.8,664.45,662.64,664.304,0
2026-05-08T08:55:00.000Z,663.77,664.1,663.2896,663.31,0
2026-05-08T09:00:00.000Z,663.22,664.45,662.73,664.3791,0
2026-05-08T09:05:00.000Z,664.37,664.89,664,664.7503,0
2026-05-08T09:10:00.000Z,664.82,665.67,663.5,664.03,0
2026-05-08T09:15:00.000Z,664,664,663,663.8,0
2026-05-08T09:20:00.000Z,663.7,664.9,663.5,664.832,0
2026-05-08T09:25:00.000Z,664.9,665.4,664.3012,664.68,0
2026-05-08T09:30:00.000Z,664.97,665.06,663,663.4,0
2026-05-08T09:35:00.000Z,663.72,663.72,661.55,662.4,0
2026-05-08T09:40:00.000Z,662,662.24,661.03,661.62,0
2026-05-08T09:45:00.000Z,661.52,662,659.42,659.7,0
2026-05-08T09:50:00.000Z,659.437,661.99,658.29,661.1568,0
2026-05-08T09:55:00.000Z,661.15,661.99,660,661.58,0
2026-05-08T10:00:00.000Z,661.92,662.79,661.3,661.3,0
2026-05-08T10:05:00.000Z,661.31,661.7988,661,661.25,0
2026-05-08T10:10:00.000Z,661.0432,661.98,660.78,661.12,0
2026-05-08T10:15:00.000Z,661.6614,663.78,661.2,663.0195,0
2026-05-08T10:20:00.000Z,663,664,663,663.55,0
2026-05-08T10:25:00.000Z,663.2844,663.3,662,662.44,0
2026-05-08T10:30:00.000Z,662.25,663,661.2,662.61,0
2026-05-08T10:35:00.000Z,662.61,663.5,662.3,663.37,0
2026-05-08T10:40:00.000Z,663.3199,664,662.41,663.15,0
2026-05-08T10:45:00.000Z,663.0733,663.1,661.2,661.5,0
2026-05-08T10:50:00.000Z,661.7,662.3677,660.91,661.99,0
2026-05-08T10:55:00.000Z,661.8,662,660.41,661.17,0
2026-05-08T11:00:00.000Z,661.17,661.6,646.63,659.63,0
2026-05-08T11:05:00.000Z,659.63,661,659,659.8,0
2026-05-08T11:10:00.000Z,659.7739,660.5,658.75,659.526,0
2026-05-08T11:15:00.000Z,659.7,660.95,659.57,660.35,0
2026-05-08T11:20:00.000Z,660.3349,663.12,660.3001,663,0
2026-05-08T11:25:00.000Z,663.12,664.86,663,663.77,0
2026-05-08T11:30:00.000Z,663.66,663.76,662.25,663.2,0
2026-05-08T11:35:00.000Z,663.04,665.3,663.04,664.51,0
2026-05-08T11:40:00.000Z,664.3273,664.74,663.5,663.83,0
2026-05-08T11:45:00.000Z,663.9,666,663.715,665.81,0
2026-05-08T11:50:00.000Z,665.81,666.6,665.1,665.5,0
2026-05-08T11:55:00.000Z,665.58,665.7,664.3368,664.411,0
2026-05-08T12:00:00.000Z,664.4,664.5,662.54,663.53,0
2026-05-08T12:05:00.000Z,663.51,664.65,663.2496,663.99,0
2026-05-08T12:10:00.000Z,663.55,664.96,663.2,664.225,0
2026-05-08T12:15:00.000Z,664.29,665.75,663.88,665.5695,0
2026-05-08T12:20:00.000Z,665.6475,666.5,664.85,665.4645,0
2026-05-08T12:25:00.000Z,665.3188,666.35,664.55,664.9,0
2026-05-08T12:30:00.000Z,665.2,668.8,664.9,668.1678,0
2026-05-08T12:35:00.000Z,668.19,669.9,668.0659,668.7553,0
2026-05-08T12:40:00.000Z,668.89,670.88,667.61,669.588,0
2026-05-08T12:45:00.000Z,669.511,669.63,667.25,668,0
2026-05-08T12:50:00.000Z,667.9995,670.59,667.3306,670.1692,0
2026-05-08T12:55:00.000Z,670.25,673.49,670,671.41,0
2026-05-08T13:00:00.000Z,671.22,673.3,670.21,671.3,0
2026-05-08T13:05:00.000Z,671.47,672,670.13,671.1764,0
2026-05-08T13:10:00.000Z,671.3,671.3675,670.1,670.3,0
2026-05-08T13:15:00.000Z,670.38,671.5,669,670.47,0
2026-05-08T13:20:00.000Z,670.47,672.99,670.3924,672.8375,0
2026-05-08T13:25:00.000Z,672.99,678,672.99,677,0
2026-05-08T13:30:00.000Z,676.4299926757812,695,676.364990234375,691,6111867
2026-05-08T13:35:00.000Z,691,698.8099975585938,690.8800048828125,696.4550170898438,1861097
2026-05-08T13:40:00.000Z,696.3618774414062,699.2000122070312,691.5,695.1799926757812,1326707
2026-05-08T13:45:00.000Z,695.3599853515625,701.4600219726562,694.2050170898438,701.0399780273438,1705379
2026-05-08T13:50:00.000Z,700.9199829101562,707.5999145507812,696.6099853515625,706.0599975585938,1573106
2026-05-08T13:55:00.000Z,705.8900146484375,708.8900146484375,702.6950073242188,708.8900146484375,1142508
2026-05-08T14:00:00.000Z,708.9099731445312,712.8200073242188,707.010009765625,708.1900024414062,1215332
2026-05-08T14:05:00.000Z,708.1900024414062,710.1199951171875,707.010009765625,709.2620849609375,729116
2026-05-08T14:10:00.000Z,709.405029296875,709.5999755859375,703.260009765625,703.6749877929688,821231
2026-05-08T14:15:00.000Z,703.72998046875,708.2598876953125,702.7999877929688,707.6599731445312,659469
2026-05-08T14:20:00.000Z,707.6599731445312,710.5,706.4400024414062,709.72998046875,849880
2026-05-08T14:25:00.000Z,709.7899780273438,713.780029296875,707.52001953125,707.969970703125,1130952
2026-05-08T14:30:00.000Z,707.97998046875,713.5399780273438,705.2000122070312,713.2999877929688,826367
2026-05-08T14:35:00.000Z,713.1500244140625,713.4500122070312,706,708.1699829101562,651544
2026-05-08T14:40:00.000Z,708.1599731445312,708.1599731445312,703.7000122070312,707.760009765625,595250
2026-05-08T14:45:00.000Z,707.5701293945312,709.5399169921875,706.0399780273438,709.5399169921875,425524
2026-05-08T14:50:00.000Z,709.5399169921875,711.4609985351562,708.10009765625,709.47998046875,478074
2026-05-08T14:55:00.000Z,709.2100219726562,716.3599853515625,708.9600219726562,715.7100219726562,840872
2026-05-08T15:00:00.000Z,715.469970703125,716.719970703125,712.530029296875,713.0504760742188,583352
2026-05-08T15:05:00.000Z,713.2000122070312,716.5,712.8510131835938,714.9099731445312,440192
2026-05-08T15:10:00.000Z,714.9796142578125,716.7999877929688,713.22998046875,714.3599853515625,601912
2026-05-08T15:15:00.000Z,714.3499755859375,716.030029296875,712.3400268554688,715.27001953125,532550
2026-05-08T15:20:00.000Z,715.22998046875,720.8900146484375,714.9099731445312,718.6099853515625,952776
2026-05-08T15:25:00.000Z,718.6099853515625,721.280029296875,718,719.010009765625,538111
2026-05-08T15:30:00.000Z,719,719.2999267578125,716.2999877929688,718.4749755859375,514437
2026-05-08T15:35:00.000Z,718.8098754882812,719.5700073242188,716.1400146484375,717.2150268554688,495791
2026-05-08T15:40:00.000Z,717.4000244140625,717.5900268554688,712.739990234375,714.2852172851562,491465
2026-05-08T15:45:00.000Z,714.3099975585938,719.2000122070312,713.3300170898438,718.7050170898438,433006
2026-05-08T15:50:00.000Z,718.6099853515625,723.3400268554688,718.1300048828125,722.0250244140625,732606
2026-05-08T15:55:00.000Z,722.2070922851562,724.3350219726562,720.5401000976562,721.969970703125,510850
2026-05-08T16:00:00.000Z,721.844970703125,725.97998046875,721.844970703125,723.4000244140625,548285
2026-05-08T16:05:00.000Z,723.5800170898438,724.9500122070312,722.1500244140625,724.72998046875,380800
2026-05-08T16:10:00.000Z,724.7999877929688,726.97998046875,723.2000122070312,725.864990234375,481647
2026-05-08T16:15:00.000Z,725.9099731445312,730.364990234375,725.7999877929688,729.0700073242188,703936
2026-05-08T16:20:00.000Z,729.1500244140625,734.4299926757812,729,733.7999877929688,1071238
2026-05-08T16:25:00.000Z,733.7999877929688,738.780029296875,733.0499877929688,738.719970703125,1149769
2026-05-08T16:30:00.000Z,738.510009765625,742.14990234375,737.6701049804688,738.5900268554688,1305701
2026-05-08T16:35:00.000Z,738.5750122070312,738.7100219726562,732.6799926757812,733.5142822265625,1012273
2026-05-08T16:40:00.000Z,733.5150146484375,734.4390869140625,729.090087890625,729.280029296875,732327
2026-05-08T16:45:00.000Z,729.5700073242188,732.3499755859375,726.239990234375,728.364990234375,863687
2026-05-08T16:50:00.000Z,728.39892578125,730.9600219726562,726.219970703125,728.22998046875,518193
2026-05-08T16:55:00.000Z,728.2299194335938,733.5,728.1199951171875,730.030029296875,469739
2026-05-08T17:00:00.000Z,729.9400024414062,735.5999755859375,729.8800048828125,732.8400268554688,575585
2026-05-08T17:05:00.000Z,733,735.1799926757812,730.0922241210938,735.0100708007812,390481
2026-05-08T17:10:00.000Z,735.1099853515625,735.280029296875,731.6699829101562,732.344970703125,275163
2026-05-08T17:15:00.000Z,732.3300170898438,732.739990234375,730.02001953125,730.219970703125,290032
2026-05-08T17:20:00.000Z,730.4600219726562,736.8900146484375,730.1829833984375,736.160888671875,470675
2026-05-08T17:25:00.000Z,736.2999877929688,737.4000244140625,734.5,736.2899780273438,403242
2026-05-08T17:30:00.000Z,736.2100219726562,738.2498779296875,735.0999755859375,736.905029296875,392664
2026-05-08T17:35:00.000Z,736.9998779296875,739.389892578125,736.8099975585938,738.2899780273438,399277
2026-05-08T17:40:00.000Z,738.2119750976562,738.2999267578125,735.4099731445312,736.8300170898438,337307
2026-05-08T17:45:00.000Z,736.9000244140625,738.1500244140625,733.2999877929688,733.6199951171875,368099
2026-05-08T17:50:00.000Z,733.6849975585938,734,730.4046020507812,733.29248046875,433999
2026-05-08T17:55:00.000Z,733.4849853515625,734.5999755859375,730.5,730.655029296875,305435
2026-05-08T18:00:00.000Z,730.6849975585938,731.889892578125,727.760009765625,729.35498046875,559232
2026-05-08T18:05:00.000Z,729.280029296875,730,727.5,728.9550170898438,323917
2026-05-08T18:10:00.000Z,728.8159790039062,732.2899780273438,728.5599975585938,731.75,480199
2026-05-08T18:15:00.000Z,731.8400268554688,732,727.819580078125,729.89990234375,289697
2026-05-08T18:20:00.000Z,729.6749877929688,735.639892578125,729.4500122070312,735.639892578125,467061
2026-05-08T18:25:00.000Z,735.3800048828125,736,732.5800170898438,733.1209106445312,462203
2026-05-08T18:30:00.000Z,732.8739013671875,733.7000122070312,731.719970703125,733.27001953125,222059
2026-05-08T18:35:00.000Z,733.2000732421875,734.8599853515625,732.2000122070312,734.0294189453125,219581
2026-05-08T18:40:00.000Z,734.2843017578125,737.989990234375,732.6038208007812,737.1799926757812,445142
2026-05-08T18:45:00.000Z,737.219970703125,738.4500122070312,736.3300170898438,738.219970703125,473936
2026-05-08T18:50:00.000Z,738.22998046875,743.7899169921875,737.6099853515625,741.8499755859375,829025
2026-05-08T18:55:00.000Z,741.8599853515625,742.0599975585938,733.9000854492188,734.1400146484375,610460
2026-05-08T19:00:00.000Z,734.1300048828125,737,733,734.4400024414062,641284
2026-05-08T19:05:00.000Z,734.5499877929688,740.8300170898438,734.4400024414062,740.77001953125,731204
2026-05-08T19:10:00.000Z,740.77001953125,741.780029296875,738.5200805664062,738.9000244140625,503021
2026-05-08T19:15:00.000Z,738.9724731445312,741.5,738.219970703125,739.3099975585938,960220
2026-05-08T19:20:00.000Z,739.5499877929688,739.9998779296875,737.3599853515625,737.5399780273438,423756
2026-05-08T19:25:00.000Z,737.7598876953125,737.8198852539062,732.2301025390625,732.9899291992188,538101
2026-05-08T19:30:00.000Z,732.7949829101562,735.389892578125,732.1599731445312,734.8099975585938,540782
2026-05-08T19:35:00.000Z,734.7999877929688,740,734.4801025390625,739.2000122070312,589019
2026-05-08T19:40:00.000Z,739.1300048828125,742.1099853515625,738.72998046875,741.7200927734375,731827
2026-05-08T19:45:00.000Z,741.75,743.9500122070312,740.52001953125,743.0999755859375,691118
2026-05-08T19:50:00.000Z,743.02001953125,745.4299926757812,740.6409912109375,742.739990234375,1166228
2026-05-08T19:55:00.000Z,742.739990234375,747.2100219726562,742,747.0700073242188,1940833
2026-05-08T20:00:00.000Z,746.81,749.88,745.1,747.38,0
2026-05-08T20:05:00.000Z,747.7,748.7,720.6147,745.54,0
2026-05-08T20:10:00.000Z,745,746.81,744.98,745.9,0
2026-05-08T20:15:00.000Z,745.9,746.81,745,745.2,0
2026-05-08T20:20:00.000Z,745.0134,746.81,744.3,745.15,0
2026-05-08T20:25:00.000Z,745.54,746.81,744,744.98,0
2026-05-08T20:30:00.000Z,744.84,745.8,744.1,745.42,0
2026-05-08T20:35:00.000Z,745.42,745.75,745.2,745.2,0
2026-05-08T20:40:00.000Z,745.33,745.51,744.72,745.0001,0
2026-05-08T20:45:00.000Z,745.2,746.81,744.29,745.15,0
2026-05-08T20:50:00.000Z,745.17,746.5,744.91,745.565,0
2026-05-08T20:55:00.000Z,745.61,746,744.02,744.9,0
2026-05-08T21:00:00.000Z,744.9,745.63,744.47,744.6597,0
2026-05-08T21:05:00.000Z,744.66,746.81,744.28,745.17,0
2026-05-08T21:10:00.000Z,744.98,745.92,744.6,745.52,0
2026-05-08T21:15:00.000Z,745.82,746.81,745.05,745.61,0
2026-05-08T21:20:00.000Z,745.7,746.25,745.5,745.51,0
2026-05-08T21:25:00.000Z,745.5488,746.25,745.51,746.224,0
2026-05-08T21:30:00.000Z,746.14,749.92,746.14,749.69,0
2026-05-08T21:35:00.000Z,749.52,749.8,748.7,749.5,0
2026-05-08T21:40:00.000Z,749.42,749.7,748.5,748.89,0
2026-05-08T21:45:00.000Z,748.8484,749.15,748.22,748.72,0
2026-05-08T21:50:00.000Z,748.72,749.65,748.6,749.5007,0
2026-05-08T21:55:00.000Z,749.5,749.75,749,749.7201,0
2026-05-08T22:00:00.000Z,749.71,752.4997,749.15,752.25,0
2026-05-08T22:05:00.000Z,752.25,752.5,751.5,751.9,0
2026-05-08T22:10:00.000Z,752.17,756.8,751.9,756.513,0
2026-05-08T22:15:00.000Z,756.513,757.5,755.12,757.31,0
2026-05-08T22:20:00.000Z,757.49,759.5,755.12,755.5,0
2026-05-08T22:25:00.000Z,755.51,755.7,753.03,754.78,0
2026-05-08T22:30:00.000Z,754.76,756,754,754.45,0
2026-05-08T22:35:00.000Z,754.21,754.6,752.63,753.61,0
2026-05-08T22:40:00.000Z,753.61,754.45,753,754.1655,0
2026-05-08T22:45:00.000Z,753.6,755.5,753.6,754.02,0
2026-05-08T22:50:00.000Z,753.9915,754.05,750.1,750.8625,0
2026-05-08T22:55:00.000Z,750.2859,752,749.5,751.85,0
2026-05-08T23:00:00.000Z,751.77,753,750.5,752.5,0
2026-05-08T23:05:00.000Z,752.75,753,751.13,752.8133,0
2026-05-08T23:10:00.000Z,752.89,753,752,752.33,0
2026-05-08T23:15:00.000Z,752.3297,754.4,752,754.4,0
2026-05-08T23:20:00.000Z,754.2444,755.3433,753.74,755.25,0
2026-05-08T23:25:00.000Z,755.2,756.8876,754.6,756.8876,0
2026-05-08T23:30:00.000Z,756.948,757.5,754.9,757.4796,0
2026-05-08T23:35:00.000Z,757.48,757.8,756.23,757.3996,0
2026-05-08T23:40:00.000Z,757.29,757.99,756.5,757.79,0
2026-05-08T23:45:00.000Z,757.74,758.65,752.3,757.3001,0
2026-05-08T23:50:00.000Z,757.45,758.78,757.4,757.6,0
2026-05-08T23:55:00.000Z,757.6,758,757,757.3493,0
2026-05-09T00:00:00.000Z,757.3493,757.3493,757.3493,757.3493,0